0.6259561764689466 0.3850658036879284 0.11563302468587411 0.32538346417672703 0.549636098455939
0.6370680227555515 0.38410170027242346 0.11303305974485699 0.32449518911604214 0.5482757101784554
0.638471552303145 0.38924493336960847 0.11416031564855596 0.32142219678998923 0.5381345032703049
0.6400805522749136 0.38957118573956667 0.11442751803596174 0.3169755291094233 0.5515274617255116
0.6456336849809994 0.39301391230261334 0.11434367433713716 0.31286085138333547 0.5454218245393972
0.6474884705929121 0.3917493312324494 0.11204822142437353 0.3168699179881501 0.5352509900762955
0.6408358395274907 0.3966571676438345 0.11132782333782466 0.3161895740834354 0.5230628418154301
0.6435170992760624 0.3943523560270572 0.11223276460788559 0.31772144887224885 0.5279591738931726
0.6479537858936686 0.3862046439693462 0.10988465880210734 0.3122163681635132 0.5387425295058799
0.65575166637559 0.3810445572321112 0.10793390761304895 0.3115981873367166 0.5458128729482231
0.6518456208727781 0.38577650140538106 0.11036125032537673 0.31206699096373725 0.5336647332186877
0.6562590260128898 0.3850472158323236 0.10901856226322737 0.31592357089532547 0.5252091657200488
0.6509165054133922 0.3876050715383594 0.11127433476504622 0.3113457559684274 0.5259426284806921
0.6360383358564192 0.3901294881186822 0.11270603026806716 0.31882263016731893 0.5348996223469307
0.6231102244452229 0.3857041740717421 0.114105602119202 0.320357360364465 0.5356292590976676
0.6235509000616867 0.391408453354387 0.11139285884988316 0.31689448519199903 0.5300387844531802
0.6145689781677481 0.3969950449316708 0.10866793881995004 0.31144788451363503 0.5274486420515715
0.6272817272527528 0.39664390065498273 0.10886139596536448 0.30687299823347086 0.5285131968471819
0.6211500141600809 0.3885206723901521 0.11113578655827024 0.30669120001898176 0.5365371813621658
0.6064809829570482 0.37943510461935864 0.10876885507281572 0.30451525250386563 0.5405187126566217
0.6154559003143785 0.3823184506124928 0.11112066431847517 0.2984891642271898 0.5408629533398913
0.6108847830648716 0.3744610524095846 0.11178146616877728 0.3018778240238878 0.5326344141512871
0.6255995054892366 0.37279568749494246 0.11262129881262602 0.3058894421073885 0.5217748086801481
0.6122960511003611 0.3818247900998133 0.1117429525751882 0.29991986589142466 0.526683961821033
0.6047339785446121 0.3726687871293398 0.11244840781753462 0.30571372546354103 0.5259836763938287
0.6027256718199978 0.3767419691386082 0.11339030345746559 0.3074077176144922 0.5202837753954955
0.5903633780309148 0.369308326445454 0.11109892437987069 0.3125148039114956 0.5126105204603293
0.6025640780969193 0.37823353031583784 0.11222166943585062 0.3194265680112694 0.5041574438144211
0.6066351478236637 0.37385394352104406 0.11058679409886679 0.3224873850337523 0.49757267778383163
0.6092542501121052 0.37710435812723136 0.11280669493040166 0.32905694444166916 0.5034192963213776
0.616163567130907 0.3711727175603304 0.11168258001698046 0.33099788189880164 0.497068466150051
0.603611812308315 0.3767927719901957 0.11155047410358097 0.3280716146853716 0.5043509356234853
0.6153226446801908 0.37922336038018706 0.11342889498595726 0.3333111659487862 0.5079487213354937
0.6159679263273345 0.3835763923470737 0.11150803573027154 0.337162447127146 0.5055058095007994
0.6116638804084774 0.38640689083741037 0.1099047701346494 0.3419981609696014 0.49508748206461906
0.600205081930204 0.3889027815711755 0.11175819492605393 0.34930887662462384 0.5009204593293629
0.6061506708486573 0.384466753010069 0.11309103564388605 0.3522136598690454 0.49581637877720225
0.6021211988220189 0.3915278168927789 0.11444435589622544 0.35879410902579906 0.49122103471683487
0.5917990585810227 0.39012954665635763 0.11365383557908934 0.35650761423243293 0.49919574431058966
0.5784516145186734 0.38458327552814503 0.11335002862853125 0.36404224429061344 0.49317534955518505
0.5870189560134337 0.3850939657170942 0.11197284814252252 0.35811799232699587 0.49521365648935434
0.5957227931021136 0.39131417659713374 0.1144721748902737 0.35598995371466263 0.5004628212942601
0.5949508915395075 0.3841825841027034 0.11276501577683597 0.36021205249828364 0.4888105255945454
0.5940141376465669 0.3879393817095338 0.11459546652584532 0.3529354119803735 0.48455052178583363
0.6017185557278057 0.39550587730935 0.11334452816510651 0.34681994955872536 0.48490729895777573
0.6142308759751202 0.3955493515540675 0.11163496053215943 0.351272331204159 0.4963294203449109
0.6222209536101285 0.39047178072651184 0.11356984964525581 0.35463535178928796 0.49120634306161376
0.6094760198995014 0.3915835740712489 0.11157486743920812 0.36157562031176277 0.49102570996916506
0.621371495863091 0.3930279275310261 0.11220649587552964 0.36199000194743375 0.5013782558253942
0.620046171346887 0.3979347667304035 0.11474921705895386 0.3590807377380269 0.5028230773221286
0.6204631918701519 0.3919599851693537 0.1125512527231239 0.354724804107473 0.5037810794458383
0.6338555652655838 0.38551500473112393 0.11041966364543777 0.36224442433070947 0.508964113926522
0.6204897632465212 0.3825715828234832 0.10854326112840097 0.3706883860648275 0.5042058385883353
0.6330948345911955 0.388189937771962 0.10915637304699788 0.3774224705961669 0.5090276420422627
0.6233069830403403 0.3907053944530384 0.10645466777741804 0.37232936422964397 0.5141958582550236
0.6358320905439692 0.3980790832780923 0.104106617500374 0.36568634627812663 0.5178862936805426
0.6480324922387838 0.3904101031665686 0.10397635756712562 0.3686905138927138 0.5215122884792511
0.6344823075658691 0.391855445197506 0.10515252350520761 0.369411776533825 0.5333418182933612
0.6429748652382191 0.3887784079472209 0.10639243740849841 0.3637045204514142 0.5227715909035987
0.6328777037612497 0.38572645422341956 0.10871414913044376 0.3642971053132703 0.5148214675635553
0.6429567645076895 0.38881767003526685 0.10778423263251853 0.3670221643149678 0.5162861843687558
0.6391441431828975 0.38306232631134446 0.10775771108640927 0.3592105259858613 0.5170953714478438
0.650797353325172 0.38973684077819204 0.10805000650059925 0.3655223994915189 0.5276285430986696
0.6596399935594277 0.387223746331583 0.10547225247951071 0.35741024157857176 0.5313943192851684
0.6744029011857509 0.39527102661202174 0.1066435969979706 0.3525342099991297 0.5254099525221646
0.6791644773680352 0.4003279434718841 0.10898906868113398 0.34604897498282156 0.5382184681096674
0.6925456821578582 0.40308443782397363 0.11004990290858577 0.3522028401607154 0.5264882821158805
0.6924099724418047 0.410818679204752 0.10947757790401301 0.3478260622115931 0.5301479311008418
0.6908913103751393 0.4030750589661934 0.1114154509317821 0.340439933752313 0.520378340981398
0.6822569036678443 0.40933587613438416 0.10938484882888487 0.3379957787815101 0.5103121585054663
0.6969034193025154 0.4025731159206653 0.1120816047713861 0.33917708631054055 0.5093606285843052
0.6981939863152361 0.40468722897848314 0.1114936224939772 0.3453743862991927 0.5014192757180456
0.6901237537381717 0.39811557390666347 0.11378594923598918 0.34334271422875257 0.49105417624538605
0.7048862672010348 0.39206099540896416 0.11206960211754363 0.34507896003910465 0.4970730711470464
0.695558338488154 0.38393261376726373 0.10990142505824185 0.3485825223626197 0.5014565948621627
0.7064572379690377 0.37646214935817435 0.11085614384056483 0.35608994407572114 0.5076851750846002
0.6981910947623695 0.3677417176618754 0.11250212546041312 0.347263399254464 0.5174495851126444
0.6894489262463424 0.3685593063015482 0.11326209823342956 0.3452114421218571 0.5260073539171335
0.7039589780059201 0.3654347116592286 0.1120414677683379 0.35269229031327726 0.5198278352998179
0.7173235786552749 0.37233050589827366 0.10964761214984234 0.3524841772309584 0.5233247040545688
0.7157172883440394 0.3808085140610878 0.11116517171608489 0.35689036686899517 0.5102657643587287
0.7052609733172208 0.3846357035183643 0.10972894789345694 0.36546641592711504 0.5001945780884929
0.7176900222099072 0.3878352887119667 0.11028792842646813 0.37301659634155204 0.49478443964279856
0.7287294367197468 0.38593690805886754 0.10996596724642155 0.38138599714678617 0.4983949705718005
0.7421831895248947 0.3872089835995302 0.10844281051621973 0.3732860709528027 0.48633077552249954
0.7499264178470357 0.38120279892760645 0.10892348772216529 0.3794595336060254 0.4883878110657897
0.7379739117673328 0.3744661765601002 0.10844453651588527 0.3882644796593186 0.496326170812266
0.7436587549491515 0.37403755179313714 0.10825909708302396 0.39053305777237307 0.4938776432081087
0.7557519868808534 0.3789617339724802 0.10691743039952373 0.38112518925368843 0.5032619939613383
0.7597689098533704 0.3699391908150672 0.1080776198139476 0.37445167445304234 0.506902473631768
0.7601857502368513 0.3644870675998887 0.10553262237496043 0.37316761810786336 0.4976851665773099
0.7746391961801891 0.37166095126004123 0.10473583179449866 0.37087637248514604 0.5094934910359276
0.7590099864735562 0.37357136753380005 0.10341336109392135 0.3691101538428648 0.5045195755596671
0.7618494567631524 0.36902303070801323 0.10518468793716693 0.3685910438333574 0.5008775749223996
0.7552332047731625 0.36390134697171744 0.10474586404407328 0.3700807220057514 0.5000583996971119
0.7559668019105492 0.3633495582408689 0.10465657030394449 0.37184631262525614 0.4985888756408859
0.7571254269454101 0.3611605364791403 0.10670732342579836 0.36447882503944035 0.48970043659384216
0.7724884934365754 0.3588764451404652 0.10641434815237488 0.37156309809024174 0.49340751299308444
0.770224286953729 0.3626356167715083 0.1050580861560389 0.3734615636023793 0.49462832499326614
0.7532114533849658 0.3634514878182004 0.10693092706496463 0.3812339253675516 0.4995866165536869
0.7459532142603061 0.357414084209231 0.10900208201243364 0.3904138438422875 0.5054048112014561
0.7522528256705565 0.3528988780769407 0.10806302663833593 0.39092654759463397 0.49512058471720116
0.7628597577458176 0.3511892712610584 0.10765259855418433 0.3816511484718553 0.505575501170523
0.7510770567084514 0.3591562058202565 0.1089985921292684 0.3827060424979111 0.5055634785942954
0.7335570197438656 0.3673424767155132 0.10947477610508449 0.37954993163146944 0.5043901547068916
0.7496194582974229 0.3630766737395075 0.11216655122165665 0.37569654428262045 0.5007379255117669
0.7437049642297451 0.3671766007790175 0.11453041139379827 0.3792741236652198 0.5116985869391527
0.735542395330822 0.37436685902938804 0.11604127823938895 0.3799699366718109 0.5182538845649978
0.7328945441997818 0.3664459876990198 0.11508954628222745 0.38209985976604127 0.5138387345931363
0.7340001865656283 0.37269872551357486 0.11368199263678962 0.38950576973001305 0.5263546015328906
0.718829825395053 0.3764224973692358 0.11532050324288366 0.3992144896633629 0.5150016207028806
0.7256323317102565 0.3733892448107146 0.11272517037327877 0.4012988070775727 0.5183817173093307
0.7414856018483448 0.36678496297548996 0.11002051507501957 0.3952271919435543 0.5099748423478481
0.7272955140052055 0.3717257882095426 0.10838890526572394 0.40300866251996104 0.5071970833945283
0.73223777972104 0.36761310020449206 0.10986940226294133 0.41104686396779144 0.5167576593122951
0.735354319083635 0.37644874795749583 0.10832788031151733 0.40887855528788236 0.5092413472957386
0.7483650191260042 0.3831190215039171 0.10627071401528189 0.41775945726159375 0.5179250899969509
0.7441163667786042 0.39168907179359547 0.10650047322134959 0.4092131833055466 0.5267145535772889
0.7336105037469329 0.3983462911501918 0.10485479345439801 0.4190857859988528 0.5339387222374316
0.7393857620166333 0.4055914734895855 0.10347578057366641 0.41500224448046186 0.5275562768403423
0.7388193518284814 0.40794244838050825 0.10095913834483078 0.41671252898238076 0.5299714582546426
0.7213399220163373 0.408320569884235 0.10121025224625324 0.4240885477337616 0.543181125311045
0.7371106968392064 0.41817974060296037 0.09880866382583248 0.4213422398822005 0.5343004121262325
0.7369992225668005 0.420971937727328 0.10035124073226033 0.43077643210226957 0.5293990542143193
0.7484471336127084 0.42488700346812425 0.10103505231905426 0.43800068995668007 0.529234947498349
0.7342246912713506 0.42074696149979374 0.10105305063121937 0.43974122362463114 0.5181484203891606
0.751502291346647 0.41233224532140716 0.10001618649643569 0.43452047273244215 0.5247075788366464
0.7676942441203853 0.4047663027257212 0.10017952775529505 0.44470414439660355 0.5199341040935488
0.7698245359229589 0.3978907066433141 0.09871721739524317 0.4491724003962706 0.5160776495029705
0.7646018730135561 0.3999099536017514 0.0988862296303096 0.44601416676941075 0.5233994482599222
0.7797764908003187 0.397724362339364 0.09668169671758754 0.4365750443906368 0.5204666063491181
0.7854972027190349 0.39510013936587457 0.0986864574417925 0.43123162276565946 0.5298465188316359
0.7860137903389467 0.39579522679070955 0.10077527999208595 0.4279596263543144 0.5378668945867543
0.8045237080400971 0.4013581608149239 0.10018097893390332 0.43722576531768553 0.5485557899234882
0.8220743149015167 0.4075721980989907 0.09943673490662659 0.43895148549548496 0.5558618983739232
0.8099952767829146 0.39938986988121616 0.09853894586418899 0.4405457729223611 0.5440907272015688
0.7973217026950707 0.40601866529554925 0.0997174777670699 0.4486289198771618 0.5489597440617194
0.7798933501044353 0.4046676678872929 0.1020148031267298 0.45762780759818894 0.5592675865300265
0.7826943204989014 0.39932443148230923 0.10137775944886637 0.46376491981953294 0.5530992388025674
0.7889099045376593 0.39661753459686766 0.09936274257510132 0.46247420057500344 0.5477615315336082
0.8036482415914556 0.4025011190433068 0.10107111271295798 0.4559913092437687 0.544778862471269
0.8097632577462809 0.40449506519884676 0.10061867303371497 0.4476651216795788 0.5349048792855411
0.8240176685989471 0.4106572664179866 0.10287520230647419 0.44277001098254476 0.5464533402966723
0.8272237910226145 0.40774573649114687 0.10433800327949674 0.4384398045273853 0.5536301820224245
0.8309560026474971 0.4141482315515232 0.10185991518055874 0.4398816150732021 0.5589707754342932
0.8103693921591152 0.42152350281498796 0.10386566908238597 0.4323180808770774 0.5699161635238481
0.8191828995310164 0.4249839140958962 0.10282164751698679 0.42534650733913903 0.5736091037457379
0.82225874505188 0.4298219823636688 0.10327268475345944 0.4260078581182654 0.5826113402156368
0.8075250577010832 0.42722657405624725 0.10528714281224112 0.4217984211408525 0.5884208180190249
0.8170962236319572 0.43710017853436184 0.10502452109171076 0.4287216203709302 0.5989063664903443
0.8007573978752048 0.43417824806099653 0.10412127475908424 0.42256397573243676 0.5894672983262518
0.8163171616353438 0.4372931235264476 0.10460926741217727 0.4315102515433317 0.5923586866850639
0.8354361786468819 0.44375204572041 0.1045728882172679 0.4308015276708973 0.5962548789425055
0.843952137931739 0.4397009794938254 0.10541130184815617 0.43838402021327594 0.6043303293847103
0.8643805439823556 0.4402687612677928 0.10456784861905123 0.44314059589952287 0.6070468428209088
0.877708059507068 0.42994654536180577 0.10470808352165634 0.4502635259166295 0.5923352907193018
0.8928047176700805 0.4319310671571015 0.10238177662135375 0.45491434731773406 0.6018489371424192
0.911526361707119 0.4280939312401597 0.10090235813586415 0.4444173470903797 0.5911819728309374
0.9088947778418577 0.42241601802220624 0.09846427446035658 0.4431924626604081 0.5879169233286038
0.9275876581851199 0.4287304311791573 0.09906801747378936 0.4349828955069998 0.5985079251389587
0.9120420381636016 0.4333088352800171 0.10033274864234516 0.43438219197910466 0.5942896924856558
0.9192635864320613 0.4312479638784995 0.09984876827903619 0.4407312959087584 0.5859710972688856
0.9379536435052701 0.43813768885250104 0.10038501885906817 0.44301112599727804 0.5969520413552741
0.9413625919301395 0.44691811794253333 0.09872289005262938 0.4327238328622456 0.6006544203676053
0.9292037649602022 0.44929365690704187 0.09665235553116754 0.44165210409894917 0.6134285155200648
0.9108906561427296 0.44064902598589395 0.09801570384474116 0.4390964058897517 0.6283871809438241
0.9311848434870917 0.44940328699986837 0.09749984141156011 0.441227640846789 0.6350218107591395
0.9544283952630022 0.45119728949699023 0.09686561808348412 0.4309287747333917 0.6241104412628254
0.9357552434304143 0.44950241087356657 0.09784607279712439 0.4403130388668817 0.6112050490463656
0.9308733086792668 0.45168862691917244 0.09679780868318258 0.44123573845466596 0.6076437814863862
0.9197055237364283 0.4431019920190421 0.09565853787593058 0.44325748209296134 0.5977745937343433
0.9187649005086002 0.4398264528904243 0.09334041477133917 0.4334002403541134 0.584812938733972
0.9389501820603232 0.4411905505663375 0.09422751373770855 0.43313399893258836 0.5769192928032036
0.9346900030972382 0.45133131793136494 0.09553084646937669 0.4389817131150391 0.5799431087120311
0.9337893988370154 0.4409793063879195 0.09357294537672121 0.44516509179592056 0.5888071605922595
0.9300727589807849 0.44332095195980153 0.09335198176206891 0.4369951432466456 0.5848535165462438
0.9400167094072431 0.4535335258076221 0.09464701794940869 0.43788849244718747 0.5946611736315205
0.9269175746833841 0.44574497678305686 0.09571792551979819 0.43996046794222365 0.5842565779859755
0.9232029930449404 0.4455670389440588 0.0945295583262327 0.4413195168536604 0.580639289631624
0.9055699291450361 0.4436802907710055 0.09484486987381772 0.4446315588689468 0.574172282031682
0.9082259994207821 0.4368342395083923 0.09367191726938587 0.43544609671138473 0.5651431731330959
0.9297304820360359 0.43712901483651395 0.0949403507462097 0.43743731550866694 0.5576920073732302
0.9318842423491946 0.4272322945219025 0.09601771599687092 0.4480650053904878 0.5443466479922696
0.9354314695162755 0.4176640050063329 0.09633645305048405 0.4404688607273445 0.5461266306045327
0.9261905971082567 0.41119806177485113 0.09493001510333773 0.4512615096616242 0.5342611719392235
0.9375603887566251 0.4188297798118657 0.09317628850820059 0.4593158215002839 0.5334385109588836
0.9268488470285313 0.4092779954528867 0.0926150305815475 0.4532316147604745 0.524236466551096
0.9377650431854856 0.4104021695727268 0.09399317552069783 0.45807054328598035 0.5163015801522707
0.9427466259175544 0.41202535732882184 0.09591156957406052 0.4511672122133456 0.5265837373650032
0.9538124861778999 0.40455225463577954 0.09476709314818728 0.44716451811409746 0.5367596065798644
0.9572084740542989 0.4043348369693249 0.09436931078043045 0.44806437897572365 0.541229006792788
0.9501303036026917 0.4133682729880891 0.09459730691351573 0.4465524319801086 0.53522843778786
0.9484042563162565 0.4136437154544699 0.09520077567149282 0.45118487570513066 0.5342635765873864
0.9549975279774913 0.4156488410180108 0.09696245632831642 0.4559118081261146 0.5263591953288052
0.9428577793247783 0.4224272299276646 0.095430741176401 0.4528714132367177 0.5246208751110324
0.9352969592549031 0.4127375547051446 0.09381405146919622 0.44284492862071434 0.5283898987628023
0.9190249719321318 0.4065589515319873 0.09596808266982511 0.44124139845050225 0.517953732431369
0.9050010081504031 0.396473372615256 0.09732484243097836 0.4312880346272771 0.5132629577451725
0.9048336600069818 0.3956312494926646 0.09522841030686703 0.43701820680008235 0.5142743887488714
0.9188323719787275 0.3981834072202266 0.09662262618909034 0.4283715341846118 0.5033582578490915
0.9030755011612487 0.3996329835293225 0.09734211383571402 0.4360846925521005 0.4991840207424263
0.8869900860629532 0.401471804926723 0.09740761900674562 0.426429666559187 0.5074278190751
0.906687850835259 0.4004717834200125 0.09652123052921266 0.41899137766368 0.5066309830410585
0.891361236787946 0.40911876112034196 0.09832125560375289 0.4190639100720393 0.5139252717729771
0.8837909209959368 0.4066630972303288 0.09665479536023368 0.42759284778417195 0.5068002898474772
0.8970505846410777 0.40143384895735346 0.09804742277321601 0.423222094148195 0.5099927627975687
0.8845973662384787 0.40325753728126484 0.09776684763068283 0.4131135623683127 0.5186220994668801
0.8945585891807187 0.40662494420944273 0.09691047527907497 0.40979953986523576 0.5192631731936999
0.9161383814132675 0.40902583259667213 0.09562614358400526 0.41105212461635005 0.5236876685866211
0.9183019555999857 0.4169605461400689 0.09518249836203069 0.40757332748618313 0.5282276258044563
0.9085114633237359 0.4214015837250864 0.09475744419443814 0.40657727245738084 0.5164818720619809
0.897984208501308 0.4155134129719877 0.0947439096773678 0.4091615287999201 0.5282267166558089
0.9051338501178354 0.41664429042305406 0.09618367928826771 0.4040380579822171 0.5173534552494994
0.8993611616957945 0.41083639650447645 0.09471693111708077 0.39727113983121476 0.5090978779863629
0.9098657079208493 0.4169672352249288 0.09618116293689136 0.3893754380171988 0.4971270948628291
0.9129530231832922 0.4208098740146403 0.09523308357052412 0.3844996028446313 0.4887280844313775
0.9161440278832166 0.43013540750828533 0.09471583450473027 0.37587638501110815 0.5002512472409397
0.9286578318029607 0.4247246342032418 0.09513450267148686 0.37692308975616173 0.49503885014976406
0.9182853635142262 0.4246348594320902 0.09348691355611732 0.3716549377241439 0.4947372530292885
0.9230409487297203 0.42055690874281787 0.09255803694700643 0.37498518039263184 0.48749413528710417
0.9046168523840409 0.42707987724868113 0.09059052942486377 0.3736352781458107 0.4794942662960787
0.8902267329331438 0.43434894491938436 0.09165863877945683 0.38027833201160227 0.4694656317662184
0.896144300996723 0.4320179554851437 0.08952632247270452 0.38933169272970086 0.4764582052396858
0.8936769840441954 0.4285662297877085 0.0912522906917047 0.3922263380147426 0.4744940539601259
0.8976329529245479 0.42426461003451776 0.08973664702123828 0.38678801428161924 0.4855560076289932
0.8785561146976952 0.43045010687742075 0.09167471104166482 0.3850471498737191 0.49147192273530743
0.8775331055547635 0.42567971270336363 0.09096485637726726 0.37600685044856436 0.4926623490939999
0.8767721770536128 0.4351175277345266 0.08954171505467207 0.3830330994874824 0.494685436077822
0.8862831238569806 0.4243333807864935 0.09131453892678537 0.3744405529383523 0.49106677199075915
0.8883409596646153 0.43252438276155897 0.09158085924829591 0.37116643841592134 0.4829274597224554
0.8874586153104284 0.44278904175884476 0.09101275951904206 0.37169909799227663 0.4764773180845876
0.8883092352141231 0.4342392205620903 0.09207928379617276 0.3659707386375961 0.47829183284228693
0.9062306174216046 0.4285114819958195 0.09279192667593045 0.36894645623915234 0.4844463906847498
0.9045328273832135 0.4271558997777217 0.09370795161643614 0.36346022704394704 0.4737416025972805
0.8825215283300256 0.4298636228420377 0.0936742392071562 0.35753855732564394 0.4717288139096524
0.8700374743776852 0.42666390268947196 0.09512716437983515 0.356216018902312 0.4627337249123154
0.8849315905125916 0.4212371305362914 0.09518566023929104 0.3485478821879395 0.47200197471918276
0.8924270284071179 0.42289409651346593 0.09472488411106346 0.34952535721677014 0.47082269766647755
0.8918318670306727 0.4285939626376739 0.0959843130483208 0.3516486244803027 0.47404370915656313
0.8939459315794911 0.42964194841489844 0.09614402712207491 0.35520485664614704 0.46252339945314963
0.8775391701845557 0.4292831327110117 0.09682710500103155 0.3621319414134163 0.4583179939188854
0.8575113095111218 0.42157894559100884 0.09793652455894801 0.3669841134541453 0.45634924945844385
0.8677111091545732 0.42722476952483507 0.09603706133278204 0.3609680707117431 0.4504718067445102
0.886712740972092 0.4168749948371599 0.09665422432014921 0.35329371175806024 0.4560971150720721
0.8864391404975556 0.4164885591030129 0.09873799035794227 0.34878827311088184 0.45476128021177686
0.8768149660792192 0.40685613294058043 0.09785423987191126 0.3435394043180574 0.45922559570168314
0.8842038412320048 0.40740875912880953 0.09847398029344455 0.34260855342922963 0.4604354277641145
0.8796883863058195 0.3998600141010716 0.09668698381198723 0.3377086190360367 0.45406310237729774
0.8594305984553215 0.40847986035010253 0.09704385890741424 0.3392877091299567 0.46383697748029
0.8747536391808444 0.41489375705388537 0.09829999936449009 0.3449273483812592 0.4649948311915653
0.8738048634328475 0.4160071706006577 0.10016937703769246 0.352425978559189 0.4719852452120461
0.8709440013532886 0.42435914793574 0.10183423151248279 0.3452367570625873 0.4659980838497963
0.8814259098737103 0.42274738896190034 0.09990149695002412 0.3506829409505183 0.4700626884691612
0.8989412256078257 0.42073117136938665 0.09793825766752919 0.34354788711952583 0.4763883969024664
0.9088055805924113 0.4232287867923244 0.0992300084370572 0.3464404736112898 0.47875819578450407
0.891213153724259 0.4178870084010018 0.10018539738894928 0.3464624676907449 0.47593300373303576
0.8947409693225257 0.4199984657332732 0.09883019973601323 0.3516438312318621 0.476810441325352
0.8953845100357074 0.42070255792216676 0.09641475452883297 0.3573209083000924 0.47076712889880606
0.9128149714933373 0.42903238065458843 0.09857847636226562 0.3570608730698996 0.482047937188116
0.8965021036735049 0.42433805689681087 0.09983378556485804 0.36417426541838743 0.4883863543662889
0.8834833286912183 0.4302717927720974 0.10050136656138546 0.36796113282703374 0.48786662501813755
0.8926977207619858 0.4326021059204144 0.09987293072488457 0.37102726689141335 0.4836404283398477
0.899624278051247 0.44220851763101116 0.09832286083128337 0.37087571512530826 0.48163959645048804
0.9066968644799328 0.4427546391542289 0.09650878208368738 0.36250631683171836 0.4793289793366341
0.8897582663827182 0.439109515979563 0.09632640092896148 0.3712349375417867 0.47708003486304273
0.886050025091857 0.44419605683897584 0.09578545820560652 0.3769932616884321 0.4800811770652021
0.8939762405042615 0.4431501483851963 0.09614408850607226 0.3680405972117743 0.47642285881722185
0.8901561954126754 0.4478845142909584 0.09693814985649227 0.3631037606897997 0.46603250137292657
0.8781883862534923 0.4503141877893187 0.09456251200026991 0.36199864626671385 0.46471057159529144
0.8845843030400936 0.45326100061415103 0.09578791912943721 0.3603929669019509 0.474813220496632
0.8841397840837757 0.4618385019875296 0.09444013327769486 0.36660763781496014 0.4780462339919698
0.8859570867372145 0.4521353415492485 0.09473301298154393 0.36708562191900057 0.4819113187513429
0.8990658853525076 0.46012852123264636 0.0930466143677381 0.36262060939376595 0.4841926428943817
0.8967111394513231 0.46321611733287377 0.09313039012561604 0.3711259253743959 0.48045710910666556
0.908744316843222 0.46854112000188786 0.09308140901814997 0.36655981676654625 0.4684901800331297
0.9094192433181029 0.4576495396021476 0.09254974692026066 0.3667492326928794 0.4680139436364371
0.9289021911738359 0.45432955014223153 0.09446517945797152 0.37438804406219767 0.46980968627800096
0.9139444731034473 0.44687005560783116 0.09518896844876153 0.3734600306861851 0.4782021016540522
0.8974599637867904 0.45417417305856506 0.09475844063696358 0.37888950176492264 0.4784153425306757
0.9095098534686082 0.45061279344407146 0.0931599431894591 0.37948111981190974 0.47784556680041224
0.887390985137913 0.4558801295678333 0.09421392070988703 0.38101549725101497 0.47487367803219077
0.8841502293746039 0.44960883745897556 0.09388629329393991 0.37189495296565755 0.4744123260750936
0.8749083365335963 0.44718736400372205 0.09527471772871891 0.3673743341635294 0.4670746064421322
0.8701086551550699 0.4545043713281082 0.09525456324585091 0.36750504283804086 0.47667361784923024
0.8867544468672358 0.4441211591468781 0.09730875070905817 0.3725060693574169 0.4878241357940765
0.8903832847972731 0.45023422915986233 0.09770005107894968 0.37293538584328517 0.4791716835236326
0.8928226851650385 0.45148726923550675 0.09834795805893216 0.3806066445372035 0.4796833139557556
0.9107049011745522 0.46116915776252043 0.09918170252874793 0.3751854873511721 0.4879190884709996
0.9245434886628637 0.45625125824667245 0.09756498325712375 0.36852348921564293 0.48814708645239346
0.9079587188943448 0.455339619631824 0.09649976360677952 0.3724760650949529 0.4766176320354897
0.8964684964205948 0.4652326099272245 0.09656547061114398 0.38139195344262716 0.4650559253020664
0.912480609586221 0.45626382538707816 0.09628663908974648 0.3782843888075846 0.46099514832051536
0.892146805834088 0.4526471036962899 0.0964378441645248 0.37778720060990645 0.4685757613087787
0.9143467003162693 0.45821622906502824 0.09624091292488485 0.3745042466660514 0.4800030794737775
0.9112214812323418 0.44983807870536413 0.09759048706022136 0.3721624076597611 0.47720543947392247
0.8926988937976817 0.4422461429088881 0.09878603694267897 0.3662061982023181 0.4877549442298722
0.9039486344273295 0.44966506597160705 0.0999939783664099 0.3695451483899212 0.47945990966341956
0.9196899532968369 0.43985965193340576 0.09967236095428911 0.36931730717122185 0.49086168501586347
0.9223654088319102 0.44994348651181254 0.1020788563008602 0.3693269669719317 0.4829305895004022
0.929951796217738 0.45822007412367843 0.10070905015610516 0.367376355449684 0.4782681148993194
0.9409479360108934 0.45814435516298674 0.09851040162475501 0.36486734757752143 0.47204000142741825
0.9612089389239733 0.4659067937443572 0.09992486171016876 0.3645259500470319 0.47577485811670217
0.943834581860036 0.4617507063254365 0.1012107755854778 0.37348582683374054 0.4661843763708773
0.9241255381582797 0.46773642921801 0.10113686463012593 0.37921731641305023 0.46590200225554035
0.9442719272605973 0.46053554617755216 0.10186348870658411 0.3816925747260519 0.4697191187707493
0.9257312622785606 0.456547133790628 0.0999992849614459 0.3781876559787577 0.4626725883728915
0.9062892099777863 0.46148452951757907 0.10107868684523896 0.36983102063040413 0.46883546889482525
0.9257572530281247 0.4504765242006934 0.10170873247076564 0.3606568575692622 0.4576700182523818
0.9443260966780663 0.44505196931570734 0.10019771545948118 0.35382300908796777 0.4550394621292548
0.9560489981955055 0.43900624729321625 0.0987494487261776 0.360114323855299 0.45581434905205115
0.9784155405674075 0.43149921295566546 0.10024281284186086 0.3617669308626632 0.466041828888928
0.9750056644880993 0.43720731747707636 0.10112928024165697 0.357686295916571 0.45540813804561586
0.9769081934846813 0.4365643994767722 0.10235019356057783 0.3506269263472597 0.4576850777687999
0.9878424342313773 0.44266496701090874 0.10431218428821415 0.3540417250324258 0.45415302224954346
0.9894354964030713 0.4371348821976973 0.10254574800236312 0.3587792071847229 0.445552181404667
0.9774097746293993 0.43643549063182446 0.10124930357143734 0.36465911424631003 0.4445075272899388
0.9746879457633686 0.4401459722181239 0.0990375178957017 0.3650662201276171 0.4355955303171534
0.9618390623501287 0.4410860861064261 0.10131931459043787 0.36744431802993627 0.4291785166819081
0.9785737381383957 0.44565738444557695 0.09907048187601515 0.36829876096752673 0.4305812520871074
0.9681563482002581 0.44525243397196407 0.09973795960924509 0.3630182317360554 0.4310212288443894
0.948314497468893 0.4473333560275922 0.09880761562864977 0.3679175593270525 0.4358922017089032
0.9361131436209652 0.44548727229407914 0.09668042150443082 0.37385364804815624 0.4297297023459078
0.9408262774668688 0.4353834519804351 0.09591141577461207 0.3653275887331677 0.4257028742076007
0.9628527744138164 0.44368729600294504 0.09646833561008991 0.3737637267950614 0.4298579203072202
0.9708564861158523 0.44693007236566085 0.0976908474409555 0.36670390566171 0.422103931912148
0.9480581984989542 0.4571413559065198 0.09930878354651336 0.36184180270616956 0.4132391137460461
0.9638116369442111 0.46708008852473026 0.0970474486064788 0.36370480563080126 0.4174804337350214
0.9816070988207417 0.4737099879382053 0.09604168589750019 0.36057167113043714 0.41156255887519544
0.960432498120794 0.48125567437146 0.09435875429517523 0.35736544698582123 0.40959394138345256
0.9662410170115295 0.48366321304114096 0.09258625780216913 0.35087118946055823 0.4145813443904433
0.9657304290401999 0.47702089494061783 0.09078186308316512 0.3449796833176716 0.4068461175521072
0.9579170547938984 0.47672670961912356 0.09095194588790385 0.35300223498898353 0.41622000002347576
0.9684986064470323 0.46857721540642705 0.08943322234669797 0.3518285255527311 0.4058317893954832
0.9791858250568171 0.4571034907655251 0.08732967623649933 0.35950674269078653 0.4084085361057998
0.9717148512638971 0.46207018314184806 0.08613159293288478 0.36663323674472653 0.4043615239627412
0.9903402566171481 0.45504956852805667 0.08622368458565263 0.37222478826184363 0.4091600785701181
1 0.4635682817104125 0.08569504043116447 0.36976394478339214 0.40956871179410914
0.9817707131449304 0.4531065106237566 0.0856399002483888 0.36571069582610005 0.4100831868211112
0.9743599185691024 0.4555891200238642 0.08397952219168116 0.37177741196770125 0.40880906783138704
0.9536157389629462 0.448630426398014 0.08600368415470631 0.36564579326096697 0.4184110284239987
0.9452187075365401 0.45060267940099186 0.0871746873813733 0.3585911483456263 0.4273199407079992
0.9276423308239656 0.44203389983816316 0.08517415647539221 0.364229606115354 0.4361175583785095
0.9357861439400813 0.4325741679513292 0.08330157244849588 0.36702028332456826 0.42900381237302143
0.9512178419437373 0.4408498111617336 0.0821361363272325 0.3735574063539926 0.4337976977909728
0.9470033641870047 0.4372237551034595 0.08233335110698257 0.36544106066984317 0.4242077352768124
0.9294840449801887 0.44583310212759 0.08250660829038903 0.36240571455425846 0.4279152104118783
0.9501516420642236 0.44684941594896926 0.08324815166179368 0.36755064785162406 0.421584587178515
0.9473242805839228 0.4453760354514646 0.08205129722110649 0.36180204035166014 0.4265961996901985
0.9273383630647419 0.44676627969983035 0.08202525520308188 0.3648091753991216 0.41636725167743005
0.9143692074749752 0.4370464795709419 0.08197056371423656 0.3738082406132495 0.42533775801716417
0.9246002945300379 0.43070926452602115 0.07998700068474333 0.3678826177534676 0.4181423136049319
0.920204188091389 0.4246505706493127 0.0789545220560465 0.3767635053143278 0.41970600097410116
0.9303752324968291 0.42702748296470716 0.07731087382973326 0.3753757085890944 0.4186251174098913
0.9156989222933527 0.43140703077672415 0.0767183984182022 0.38338519125524967 0.42273800029082176
0.934468773526171 0.42432076532719687 0.07550723687560748 0.38919509216589515 0.4280093259466852
0.9467279035926859 0.4181120002974961 0.07641776402592486 0.3830648682258524 0.4378384686718926
0.9284760405357293 0.4260154990053118 0.07460540043949129 0.3833916283509542 0.4405580147841013
0.9468178177902036 0.4328258619993088 0.07377699836305054 0.3788516443810487 0.4451136990918098
0.9419441672770199 0.4415306167403488 0.07512468787439909 0.38291342733805966 0.44974644609574127
0.9588539268887945 0.4435829252117444 0.07483329354266598 0.38549120624956207 0.44613608814490796
0.9388177368846209 0.4481264307846943 0.07307393630648558 0.3879826170755066 0.4467554427688617
0.9187160670536672 0.4535410578859122 0.07148113105076648 0.39364742248852513 0.45301823839192645
0.9301860999594347 0.45268536928033126 0.07316869533307419 0.3868184484479806 0.4471112453264213
0.9217927280148546 0.4563402775130878 0.07271186556910098 0.384533953552473 0.4532010267531136
0.9359691198869334 0.4638655880203911 0.07249121522103993 0.3798396070924084 0.45413342966493936
0.9150967496372903 0.46012782867224267 0.07153087065402397 0.3888881338418181 0.45405773735553956
0.9271125981319496 0.4558406819302142 0.07129056457556497 0.3857655671931644 0.44963861757609297
0.9336794517881021 0.4615877583846339 0.07238239787637069 0.3942311534262569 0.4505985602625093
0.9240058250578563 0.46664873721388445 0.07181812571230287 0.38649430090309517 0.4402298121302956
0.9430741976461471 0.46003854067588534 0.07146650881415063 0.3913685434455422 0.429364178577827
0.9342737994904191 0.45566103904656396 0.07202721294836344 0.39021276656347603 0.4281579149243221
0.9234988847305502 0.4653922553936552 0.07301607645555022 0.3834821716128823 0.41771840809083716
0.9348977509978728 0.4590073403159145 0.07275208828771401 0.3857521913864229 0.41725775981322355
0.9336599502390935 0.46291475716875635 0.07390481845769106 0.38202044937254387 0.42262263239270337
0.9335846588416481 0.4686642613114623 0.07259720680975583 0.37277562651100143 0.41393749232416044
0.9152954471730737 0.45736152941565955 0.07100869853862311 0.3713596883179126 0.4099972115321346
0.9371129844174547 0.46114952705802814 0.06929568523542232 0.37936900048357886 0.4190506630732831
0.9373005643257531 0.464405699436246 0.07079786676645682 0.37858068921759863 0.4155391676338822
0.9570698755004616 0.4606953118525477 0.07173536110050613 0.37283828500575666 0.4200665553882643
0.9432675187588908 0.4647112883315482 0.07185340764280312 0.38044017814310355 0.4113373093805182
0.9548615581639209 0.4719535804826377 0.07103178109337678 0.380373103774524 0.4171276699795071
0.9559310110248086 0.4627917046700539 0.07172326146711913 0.3803806065244988 0.4258489788065649
0.9549432738358735 0.46581583443887764 0.07004548155320223 0.384030324936508 0.4183318570895964
0.9394802440478341 0.4609938335635856 0.07035827053577776 0.3810679791179608 0.4137334279659379
0.9291617447840671 0.4681775057122207 0.06905041223806925 0.38577397491349846 0.4152812670164781
0.948329879806306 0.4705677814863642 0.06892713769489416 0.38760832442391596 0.4183084928908797
0.9716368653545063 0.48093629566449037 0.06924010024100725 0.38644948253711103 0.41193997502606194
0.9788706111855913 0.4838144828231767 0.06799116573427431 0.3892100252172013 0.41963973374199914
0.9858159784657133 0.48324673895407827 0.06756015256839161 0.3962596660614746 0.4238534237656441
0.9687227343781802 0.48151324527052686 0.0678509334639383 0.38646744374003544 0.4185264072700385
0.9672236639786127 0.47990250337121276 0.0661582261418017 0.3877307007329821 0.4128101109683355
0.961605340789903 0.4845650337776564 0.0663923856685226 0.3803197752638637 0.4059374266024437
0.9508166351819263 0.48803974595741706 0.06668697803513206 0.38666298231650764 0.3972260859963638
0.9672367490825585 0.49452130041292647 0.06540109350241186 0.3911641216847241 0.4046777678394377
0.968212201923968 0.49347250357470857 0.0659771184358482 0.3994121026754384 0.4102194989338606
0.9606094253204577 0.4931836792100412 0.06565379910527001 0.39596668779601596 0.410268341528773
0.9782976298289132 0.4877425927726407 0.06615852858002645 0.40324248325085993 0.4070325587535088
1 0.48982966965925234 0.0656705763981868 0.3992406176291974 0.4064268501662336
0.9933880621425857 0.4853936998331046 0.06639225420706676 0.39069535236278635 0.4095076194427355
0.9749870245703243 0.4804335986730474 0.06691059841387356 0.3923581886698779 0.40262227061699996
0.9812031193502158 0.4900328059428589 0.06835064168404649 0.38732630740148943 0.3962474646048909
0.96715733156441 0.49829587935169406 0.0693053918415849 0.38348330705816713 0.3867373275860408
0.9536096869456089 0.5010954070677277 0.068637734118418 0.37826086092063665 0.3908753961728809
0.9473195585183986 0.5071200358223229 0.06996005429009393 0.37419109101263287 0.3936878831447278
0.9707257167965112 0.500935680829792 0.06821697929954419 0.37222571461799353 0.3916373397290519
0.9544446519793073 0.49699677137791887 0.06796081593663528 0.37414653130721504 0.39357023157023274
0.939547359018075 0.48615348096366434 0.06710366496105559 0.3669469428115381 0.3999379654906453
0.9481883433291513 0.49603254846526146 0.06582664933618075 0.3629518233112176 0.3954691228608992
0.9511600585188528 0.5065763018020671 0.06433120503275253 0.37111797671448193 0.3867748203787867
0.9534110566651184 0.5184326257831645 0.06318208718071493 0.37826092953205304 0.39512474148047194
0.9607979756556821 0.5296462546150192 0.06404447598169336 0.38031452595675774 0.39866384559974555
0.9566806533362675 0.5375534469007294 0.06343423024111952 0.3714154854867004 0.40742700893947825
0.9659386827526687 0.5495895450488757 0.06422206219878118 0.37943285232703705 0.41379043069006427
0.9614806359766981 0.5372501456538673 0.06384753624290217 0.37842893087823487 0.4097315728342412
0.977422437243954 0.5240075528775168 0.06358780841344297 0.3825256523939758 0.4196056231003923
0.9635916334198505 0.5313911633897646 0.06498899437451837 0.3814190805965621 0.4228291192583207
0.9538871510519115 0.5186758533416768 0.06602768759034124 0.39003942202169467 0.42447974909147296
0.9669911783159599 0.5225274839042462 0.06572047130394086 0.3971465555763096 0.41924485055536703
0.944629784477465 0.535536208897769 0.06592142438546124 0.39393370966984204 0.41654094987875795
0.9283645491727817 0.5478318399282045 0.06648945545075576 0.40064273449199783 0.42240126208955503
0.9240048808816962 0.5434929498798019 0.06632412383454908 0.39988026731379445 0.41976914504578045
0.9106856192369089 0.535344427662273 0.06727888237974669 0.40063605659203355 0.41396508128387577
0.9149688459419107 0.5419837428495989 0.06678466694120483 0.3954838290344479 0.416094908787257
0.9051751056616847 0.5550289291884373 0.06518699902584156 0.40353455109454944 0.4240949104558433
0.9223652869405413 0.5668649817401868 0.06609502547128569 0.39386671934675715 0.4143238345194379
0.9395340932361911 0.5631809144764575 0.06631518815145554 0.3879235711660901 0.41649092170219215
0.9266058446788324 0.5554208597203562 0.06729582264638165 0.3944958074844605 0.4235101606236114
0.9329850422102495 0.5668261266307543 0.06702391557897268 0.3944317079213417 0.4299395989702019
0.9176340980859682 0.5577268086534934 0.06749518187212494 0.3902972570284116 0.4303428120728504
0.8973552841731088 0.5471784853391523 0.0677159204294048 0.385296247428222 0.4405336798223744
0.9026880984570468 0.5372271887798784 0.06617919592137016 0.3788429895286584 0.44397829382159193
0.8872658585851725 0.5327265702903775 0.06752667932231199 0.3814304249883077 0.44893128955199235
0.9025004424452608 0.5366165415011885 0.06797365827982241 0.38265214080782006 0.45155316622563224
0.9173512574402142 0.5438302698450386 0.06922507829648142 0.3741440681917681 0.4410796344991033
0.9193427596287151 0.5543952040371535 0.06957290647638328 0.3743832419345613 0.44482188936202155
0.9277061382940631 0.5533489728636989 0.07095141660549446 0.36855566976713333 0.43806092090482784
0.9441949102788205 0.5539899734755801 0.07068592585767447 0.3758077327935399 0.4479510411472343
0.9253711811453614 0.5550990245968994 0.06928630289519265 0.37452929686740655 0.45446583362279996
0.908699590015275 0.5680781478823063 0.06966948404542936 0.3785303033258625 0.4630515639031183
0.9201663190236098 0.5671323578016798 0.0702021774015762 0.38356580754740927 0.473498404471936
0.9402078723062572 0.5545905126873003 0.06918280483343339 0.38340760489203335 0.4618903297627902
0.9273869208603215 0.5543013529925077 0.06907143422175309 0.3760002400665069 0.4654475583239497
0.9228949071168481 0.5606576262583718 0.06872721899400916 0.3757974698470336 0.45777006177970486
0.943586385080825 0.5613064990568842 0.06871037558736807 0.3818919461564325 0.4575276258075443
0.9624786749389591 0.5492795227426085 0.06948198282503015 0.38748683442427184 0.45494398471089925
0.9606528785840062 0.5628126354443205 0.06971572807984734 0.378367287283923 0.46099184661189074
0.9631064115098171 0.5683149541848411 0.07019112754674096 0.3730346590844132 0.4510815136606443
0.9657753484860268 0.5741231521583418 0.06889269207867395 0.3645612125300242 0.45156598111354995
0.9426360113121561 0.570022625652798 0.06975543835875951 0.3727756583941779 0.44483629094678695
0.9316412576716081 0.5647666720785733 0.07099577246327887 0.3647872660584212 0.43740382311442794
0.921380305530409 0.554791329989162 0.07189972276442357 0.35914497109558535 0.446192665664526
0.925906769115399 0.5459469323920191 0.07287508278085969 0.3655466463552044 0.4478016004186637
0.9242921957975558 0.5522632621146031 0.0725538749142111 0.37416596018204207 0.4401684200796574
0.9156726853885547 0.5588835730908522 0.07290356339510815 0.3769508897531423 0.4345397272061878
0.9347822842066381 0.5513132741593109 0.07243535783367536 0.3800061362224126 0.4401053632280917
0.956086678635584 0.5435432262517124 0.07113183411385342 0.383432601490056 0.4326280079253538
0.9626567370918083 0.5485279855924816 0.07101396873865065 0.37879687939145673 0.428121125245938
0.9646319199298398 0.5580495682923684 0.07215848865273981 0.37965317294146356 0.4236023376841493
0.9622136005030757 0.5488557739729178 0.07304143324380882 0.3844206762120507 0.41859812020049647
0.9609570225591458 0.5445842745300831 0.07377011709539454 0.3869292164540466 0.42152283749307146
0.9764095187160109 0.5555083167180872 0.07392488780501716 0.3918772513723726 0.4265434202793149
0.9749450785476957 0.569331515839317 0.07540546987732631 0.39286171603913234 0.43654063273525134
0.9987416717391733 0.5731841247121728 0.07534608061668505 0.3867410087685324 0.43855860822089565
0.998358496897386 0.5627224282240735 0.07447801102829514 0.38874775736841094 0.4400521951213632
0.9827389247443492 0.5713790016901042 0.07520460625181291 0.3829266067738303 0.4360990533141125
0.9916689743720242 0.5695018432997253 0.07675724343882784 0.38772017622671173 0.44485940545476155
0.9749875837691188 0.5824390769202936 0.07577476332328113 0.3948250329985276 0.4355133334087788
0.971480317293366 0.5867746585690274 0.07636037445364065 0.395515904741389 0.4370304327572923
0.9711504499255956 0.584000421848719 0.07478850437488983 0.3994903226155351 0.4310994386738973
0.9860967522537372 0.5722190458888847 0.07586874774171175 0.3954625516671719 0.43977606492158267
0.9999801361828284 0.5669682692030155 0.07758414199234528 0.3856455812404573 0.44910883845327076
1 0.5606063573845456 0.07684938653147178 0.3772503343438027 0.4601757025290081
1 0.54668044792613 0.07601063472446365 0.3833638905936074 0.4702625455279408
1 0.547400812649745 0.07585208017887171 0.3825757294071346 0.4593138782793841
1 0.5526275983080576 0.07599292181289306 0.37792746117884424 0.4611734348895704
1 0.5564001925559425 0.07603406965793687 0.369161635668629 0.4674770714195043
0.9887987970802838 0.544010904109481 0.07516953663789562 0.3720495859580724 0.46503735218619535
0.9842993257836608 0.5413072682527189 0.07382113057105212 0.36481575634045504 0.4662836966598448
0.9689080302890356 0.5427244737547761 0.07494071444060416 0.35878476061710174 0.456580533945174
0.9857520536615613 0.5510808318528422 0.07317757156832992 0.36062465642429165 0.4675473398174125
0.9795712913777058 0.564796038962642 0.07401228979953542 0.3623362919511927 0.4605976153770487
0.9593815372503988 0.5719909032392436 0.07499090408837933 0.3690994372287796 0.46288701486198597
0.9390096765553367 0.5842575740337199 0.0736463013871985 0.3621714635441443 0.4647482918978173
0.9275389559718068 0.5951389170048873 0.0744470170696483 0.36340150025626655 0.4539216000304604
0.9405857142284837 0.5995400947186675 0.07625852310685256 0.3622385181795761 0.4429764586088291
0.9508839736658012 0.5869470275724958 0.07569285267135527 0.3709993712892522 0.4519382243969858
0.9428481119452775 0.5892473035670447 0.07687721922616562 0.3765101474018417 0.442571858589917
0.9422114947095599 0.5765416041821417 0.07778605277208837 0.3797870699920813 0.4398543028385005
0.9232207192369377 0.5783649516530422 0.07966883765146754 0.3790594928639716 0.44249457824609195
0.9393140797233466 0.5715567941157768 0.08019607687665699 0.3854405430981216 0.43349116822457356
0.9584918911290916 0.5657448967346189 0.07912085414655859 0.3791782218662675 0.44366298255531694
0.9819719708765747 0.5791580555354684 0.07804923987152568 0.37693759883081435 0.4523616517618441
0.970870149437675 0.5745297934383498 0.07772353770659385 0.3739723255568758 0.45594327347144553
0.981133524026951 0.5696663892147238 0.07844539537908841 0.37121296293843636 0.44695147456474316
0.9985264806403142 0.5666260298061482 0.07836494160991841 0.367210542606828 0.43905944073587627
0.9988406575862663 0.5601669773363439 0.07957897988607797 0.3730304721970851 0.44668196722499787
0.9892198245983682 0.5739384487211939 0.07929292884809402 0.38059631457379056 0.4409982189409301
1 0.5697120841461883 0.07970002282732161 0.3828996947005278 0.4347653732501041
0.9844319534298537 0.5590684944636254 0.08118209606694657 0.3829658617903414 0.44141821889344707
0.9847467536927409 0.5509526509300631 0.0797126738608035 0.3837713492150693 0.43206939743993045
0.9774208908728754 0.5468518695467415 0.08002378044208405 0.3757518803877374 0.4389221345825309
0.9767233942773659 0.5390140351069559 0.08141673555361141 0.37401764582724545 0.44360195089602034
0.9904641132064987 0.5273493687481545 0.08147723214379926 0.3718660983707442 0.4370312570233376
1 0.5331087311528678 0.08217840013433032 0.37219870736618593 0.44711153693162714
1 0.5306786415481024 0.0832889481883067 0.36361797868082935 0.4520732608155296
0.995117140606122 0.5283876225586008 0.08385437500625198 0.3586148074090523 0.4494727213297383
0.9706714513657569 0.5338588178589783 0.0824573598951829 0.35230478521403913 0.4398286230980475
0.9748309130506663 0.5215294739638932 0.08137074032860292 0.34896353872168157 0.44408980682324617
0.9644323019688481 0.5252567362444309 0.08202276775599082 0.3557880071752672 0.43527061964653374
0.957271508578649 0.5127206395358708 0.08009735258646716 0.35256289189910905 0.42625064638476834
0.970479129927758 0.5210407186811342 0.07926026766351024 0.3604706945613935 0.41683355730216853
0.9602325281876902 0.5315884640175091 0.08051890221963466 0.3643687224615804 0.42201285174886727
0.9383288651726154 0.5228913396136821 0.08073834223619217 0.35971443453918295 0.42947914613897464
0.9358980011415553 0.524735983370064 0.07903726367677757 0.35136968646244443 0.432733203285733
0.9159074682998404 0.5298716421213071 0.07828560190418676 0.35316810071278276 0.4283226983432422
0.9084892163536213 0.5355262241999592 0.08004461726494999 0.34443876309242033 0.4383618005739827
0.8879032459249703 0.540061014943293 0.08185143558180334 0.3392283906600304 0.43092259932338006
0.891001116640291 0.545523269422469 0.0825892162177855 0.34571649894319884 0.4341294095123958
0.891751939974877 0.5508119382582894 0.08430657494945679 0.34109688753789896 0.4391392351456296
0.8931210933449983 0.5547436011000407 0.08356240747835122 0.3408036572173055 0.42904560106337886
0.873734180149676 0.5530022570557278 0.08305569827243459 0.34086547538853007 0.4262196010085372
0.8702176153785602 0.5542189635104976 0.08284531707504923 0.34454866181581917 0.4264672540383226
0.8689781460480356 0.5606147956036114 0.08142867188206762 0.351375002670295 0.4305820045439721
0.8841455113626144 0.5624150556943749 0.07940563428669792 0.354623382221778 0.43090006243432355
0.9049723000742365 0.5575487900049253 0.08118621997894519 0.3471614787120586 0.42343324336102484
0.8845468997089219 0.5453926310961101 0.07950995187738642 0.33860656716792725 0.4322985891567716
0.906375986724884 0.5480229738339132 0.07788757927407701 0.33353730906516993 0.43811115095964104
0.9052961897954751 0.5419290440819349 0.07698046076107298 0.3396944752170127 0.43860682744228685
0.9182050052458149 0.5431918549766349 0.0770625108488258 0.3451569997218002 0.4430901313136435
0.9132371709706066 0.5493671877185212 0.07739271384351967 0.34512742020539106 0.43918084672816643
0.9334510917818326 0.5624331868715801 0.07564060568534846 0.349846716799565 0.44086422019237076
0.9101426763878926 0.5501502884685604 0.07730693984558504 0.3497612215295333 0.4494702778291586
0.9003053149088326 0.5503321339407906 0.07871177102391669 0.3498073339644651 0.4427296112962483
0.9179816496338122 0.5381174641297928 0.07794695496459467 0.3571691056841811 0.4504193481323923
0.9099556112573343 0.5287275232681069 0.079296300638967 0.3649827545668772 0.45625487941790227
0.8967173864596412 0.5256584181043691 0.07864785624909591 0.36829634418255136 0.46380906472356676
0.9154153181095376 0.5322053958846248 0.076802935587381 0.36447297763278896 0.4620868001554828
0.9031319032714873 0.5387791572711932 0.0753871214283469 0.3644892560816737 0.4514559639390629
0.9011278067969644 0.537513903495196 0.0769493433260481 0.35818871688981513 0.4505866119252286
0.9133842913356054 0.547961156231678 0.07615665890626536 0.3622904662977069 0.44248496017408706
0.9251057161406842 0.5400877756731816 0.07693276211979164 0.3675007339815406 0.43854436263056584
0.9090762833400715 0.5302813732486221 0.07727505685747761 0.3695088576724371 0.4454650834143445
0.9137002332777975 0.5336471314864343 0.07701597046460473 0.37762159945195695 0.44781661737992307
0.9360911358564064 0.5443236856895912 0.07560431630223033 0.37800301409204 0.44573862145632487
0.936751704091273 0.5381823840506856 0.07636999938869089 0.37759191923635516 0.44636922007347674
0.9488219812152338 0.5381655611858714 0.07699622145142945 0.38633665452449345 0.4450941695066197
0.9481053573109071 0.5441300279542628 0.07510556126548329 0.3839266676037252 0.4511080056140774
0.9687420975707808 0.551336119854407 0.0764985491897743 0.38150309632002705 0.44443400604071165
0.9712417525488615 0.5522879682362355 0.07629680294172976 0.38733107089074215 0.4489441880518465
0.9548322871041872 0.5542716444902096 0.07572329782656936 0.3862993969265848 0.43903559964548955
0.9587711061230408 0.5571775601246998 0.0741370967986456 0.3938713446339787 0.43216669132362173
0.9645614711637138 0.5595832608178029 0.07417772290861122 0.4012081134545168 0.43513121759207257
0.9597314466475525 0.5668282078416582 0.07384155947604912 0.3912798177410649 0.4454935759470087
0.9498955015984609 0.570959410062014 0.07426625341853964 0.38499632229226644 0.45348394536380193
0.9580286674141598 0.570638896500603 0.07606725425591068 0.38515208717655985 0.44766611954305335
0.9579519167110454 0.5590642884956245 0.07753049520404542 0.37584404870279003 0.45421491745644
0.9525631289171325 0.5494570930088184 0.07819850863602908 0.37091749164596083 0.4649114107965302
0.9373300982887914 0.5629449080276802 0.0799670986879379 0.3676990574838816 0.46954703877134146
0.918175360395217 0.5588923355403431 0.08111074293522053 0.3683108700955349 0.46405035473175493
0.9392442066394789 0.550086369185179 0.07977360860384813 0.36652690998867843 0.46985488365688166
0.9391808430062679 0.5516568436115014 0.08052753887729243 0.3638746536263077 0.47945327865086756
0.9337722210189258 0.5521598315233698 0.08003950529810008 0.35612799112450866 0.4711991066748623
0.9306016208686309 0.5593234334969843 0.07953539081827947 0.3613997572024829 0.47721673077258064
0.9409239937284808 0.5666114710025802 0.0784776697033235 0.3576581043116122 0.4790317921509196
0.9282051180449629 0.5697528383118391 0.07784038901086653 0.3646396706143476 0.4890473522287574
0.9213533942225496 0.5662160868430474 0.07940426586490623 0.3621107505528244 0.4803609805704872
0.9338793322273059 0.5528796170239494 0.07744677492896034 0.360912100049591 0.47955579223052847
0.949349759949676 0.5510591004160258 0.07719410421414324 0.36511100388229845 0.4682513326873455
0.9484615737893349 0.5483284574359786 0.07650502905482667 0.36517791762623064 0.4695814037160988
0.9456963058727261 0.560276699389206 0.07810224386771378 0.37363954538136157 0.47872454005332743
0.9354170893203756 0.5601044106250288 0.07799833843435186 0.381533362798316 0.47992977160484956
0.9573905811447627 0.5673520365692469 0.07776609656201622 0.38781546095642144 0.4893406322404686
0.946015525065317 0.5798665559542533 0.07621758012100892 0.3865266321050941 0.4999822771949798
0.9492938687359547 0.5896724476736479 0.074558724228004 0.38404825082967586 0.4917652765215892
0.9292860417654456 0.6035627211800639 0.0741258362332854 0.38743313793805473 0.5007905732975949
0.9329721933927291 0.6127175277457412 0.07228153522260858 0.3859259835953991 0.4957608909082887
0.9555349943309986 0.6170976736503178 0.0719768632311557 0.38968870352861484 0.506025376093096
0.9770808345384816 0.6136742127350733 0.07223098470680016 0.39174072858514436 0.5150922016162778
0.9710858468308672 0.6027668112229309 0.0735757412563072 0.3871741344430545 0.5159320246663958
0.976070041474965 0.6024921181422509 0.07508190151513479 0.38818126212578197 0.5177267576674596
0.9806343890480651 0.6101247984851136 0.07387604836662254 0.37936740943327546 0.5247102473073862
0.970051674002198 0.6206442326311001 0.07438631110155955 0.3853939208617427 0.5229847927975118
0.9682878358862356 0.6341592650948951 0.0735167358496949 0.39113388469259097 0.5164442684013757
0.9750076218258791 0.6369065912559491 0.07481482081286785 0.38518803526682294 0.5226724014713229
0.9541977668104512 0.6507485242015775 0.07401648310443164 0.3797886468285616 0.5297585465022085
0.967191781436425 0.6474984171588247 0.07324606461722499 0.37916587193129514 0.5195938828806663
0.9504988484654776 0.656043281385788 0.07433796489120024 0.37747297204235186 0.5088475453929587
0.9350141124696085 0.6458959532197657 0.07455466212308606 0.37002166024562677 0.5136274776526778
0.9360776921960345 0.6496466676013938 0.07339154220670036 0.37139611121326666 0.5123112816082006
0.9175130936298262 0.6369171558292227 0.07337204325640947 0.36375181409582913 0.5212305872336097
0.9242780101857491 0.6395766772713424 0.07389239265642325 0.36956657752731087 0.509872552600846
0.9177237214619524 0.623802183948159 0.07452382581817477 0.3678923714672631 0.5016087622659712
0.9385481407810712 0.6204731259164834 0.07359510221240628 0.36192979434124234 0.5123593278010117
0.9525460339983953 0.6119754355649313 0.07201113579061377 0.3553691966851923 0.513204197121644
0.9467121873445709 0.6143047344349601 0.07179278879842273 0.359810053743741 0.5211928619987042
0.9434717448406312 0.6207042492285086 0.07179280065365602 0.3593650677925366 0.5248646290745347
0.9477224918764613 0.6081465015416198 0.0735346811293321 0.3514810344682131 0.5356005492758147
0.9479119163456468 0.5959180137509987 0.07505569808121576 0.3429314976592004 0.5382836493821279
0.9711424833209286 0.609401791764408 0.07323383580921362 0.3439455326467027 0.5287893068563821
0.9610820558880094 0.6111750180951019 0.07213879922102377 0.3447389500569111 0.5281082286823703
0.9639969241967752 0.5983991243386987 0.07300801041496131 0.3442145833966618 0.5240904595827632
0.9797511982 0.591883124987166 0.07224157049386777 0.3360303398473038 0.521773228578166
0.959918474208248 0.5789834663961707 0.07182245029717568 0.33799362805289573 0.5242256468459062
0.9648600092393353 0.591990325669158 0.07346610207891573 0.3382671296571668 0.5160776466797984
0.9478336369554717 0.5939064788042103 0.07163140760803675 0.338390261454477 0.5045915230897043
0.8530502732599246 0.5345158309237893 0.07163140760803675 0.288390261454477 0.45413237078073393
0.8686214681575855 0.544718818322266 0.07323002217693919 0.2873621044581071 0.4493288019872347
0.8669424886855751 0.548007578799104 0.0716009868046537 0.2877471513103012 0.45319388113738396
0.8582804527333284 0.5520046668051802 0.07281286504356213 0.2944591678300346 0.4481633461885088
0.8600501283248424 0.5566663398738917 0.0717661251697207 0.29886289457584114 0.4579957532780519
0.8420807116445447 0.5629959063028204 0.07337812547576936 0.2927670813371861 0.46466085654375416
0.8329301215319009 0.5582749703277936 0.07310385204194922 0.2921727979612046 0.462638822629981
0.8243421675704697 0.5524312979294148 0.07364572760209603 0.29049463373456597 0.46655740766358084
0.8118433510572146 0.5598682543509499 0.07274935953198838 0.29211291668775613 0.4598194401907533
0.8247350314699715 0.5516497345144485 0.07178988322412819 0.2981211125932173 0.4693753197751959
0.8361061395403891 0.538410731724972 0.07227565600053497 0.29626587343421906 0.47876318321492084
0.820236721377018 0.5304997932978621 0.0737131038710862 0.29185329313488506 0.486041869831175
0.8232865486837442 0.5205667080688487 0.07342865204111967 0.2915656870644232 0.4929890473058442
0.8389318244476927 0.5276360603903575 0.07371778624374978 0.29115880539039624 0.48362301069222935
0.8546500900090077 0.5257179685127086 0.0738493286257132 0.287711049496781 0.4902217090294438
0.847614428024463 0.5273039371305458 0.07496275510367927 0.2805448879733718 0.4990652354011707
0.8617981677866676 0.5330146617105221 0.07359876732201362 0.2793225743966271 0.5016259974349991
0.8742516119947341 0.5332787684820325 0.07223956319456669 0.2725699621360433 0.4980333183200682
0.8759731682593188 0.5231675362799888 0.0724029195545411 0.2753247754844169 0.5038655377461325
0.8687372720971237 0.5313900526536687 0.07077489791503698 0.2769130679720309 0.5160473812132887
0.8854901051898756 0.5342850226806397 0.07058491510935264 0.27020039570035764 0.5232642401911024
0.8748105914388904 0.5397366284388527 0.07152062117514392 0.2645959147390545 0.511894800125743
0.8599604064008842 0.5380875290406302 0.07010023396109216 0.2601700467235235 0.5079539714728137
0.838627152483051 0.5466296625418626 0.0712624678891031 0.2656823063593586 0.505701641946442
0.8494770067327937 0.5421035782253368 0.07126888100195097 0.26357310035874404 0.5034842526265512
0.8699748180402613 0.5492253809024217 0.07024895578169094 0.26329655859021844 0.49231696744111714
0.8912060083132071 0.5443975178672833 0.07013507584914443 0.2598032337975517 0.48039610967247837
0.9095836041090043 0.5526191015596825 0.06982944391734577 0.2573188040822199 0.47162559591805997
0.9000906816422081 0.5566205079134668 0.06930501256197365 0.2539193209107419 0.4599129368062646
0.9073015065769643 0.557148820431789 0.06861805530216761 0.24766723637038315 0.46597612801497046
0.8990337593656059 0.5672582138482622 0.0703326647462326 0.2510667507235761 0.4621471626665082
0.9149899987158294 0.566297694840898 0.06878623825007549 0.2535534937851006 0.46130876133873044
0.9260659915312038 0.5741285947820506 0.06976331986223656 0.25368900386224114 0.45580343024642883
0.9319931595988095 0.5749411182896973 0.06829206033884364 0.25529317709828303 0.45003153089534925
0.9525839725726071 0.566085869402506 0.0686973667499669 0.2538701344505354 0.441312176472629
0.971358314350455 0.5651740736140284 0.06720254523434521 0.2580072935262207 0.43931884868178633
0.9948816787471659 0.5536600526564891 0.06674265550202715 0.25578937671696117 0.44087163297207094
0.9956289578327293 0.5506941503785145 0.06675408377363007 0.26102708124449087 0.44865350965574313
0.9845892704657374 0.5466627088095974 0.06547129077753178 0.26724641425550666 0.44902774813901786
0.983685690318896 0.5389921446295446 0.06445162210644871 0.27210356106595956 0.4511005325001876
0.9692043233746005 0.5390809159338297 0.0650230072752072 0.2751927510115144 0.44147944092044084
0.980943273304603 0.5382665643242728 0.06651565290526618 0.2753253836827884 0.43860296794595854
0.9584848539344167 0.5385310632476 0.06734088912456165 0.28123934059231137 0.43227271535559486
0.9551322832158538 0.5489122262782308 0.06848182257739517 0.27868456140130354 0.43989052333356693
0.9607039110997256 0.5426877968188722 0.06908505024641692 0.2775341243898815 0.42925834029805526
0.9490643330156822 0.5351528819912551 0.06830310912967055 0.2748510537752743 0.4188126869112036
0.9489644341521494 0.5323480955279601 0.06935436066868485 0.28037062414366376 0.42210524286250234
0.9501874316053394 0.5314825700617546 0.07050487441875256 0.27533852726592517 0.4289553095254093
0.949543690649141 0.5444123796556231 0.07020391661843212 0.2699582933694499 0.43560727566605395
0.9604635588309409 0.5373091933761179 0.07017458237834953 0.2742398769970866 0.44160354409389213
0.9741915121925199 0.5285709859402291 0.07169593805053454 0.2744400231566662 0.43532437130247426
0.990812733343926 0.5311671012044882 0.07089231980159134 0.273239696044634 0.4357552143387981
1 0.5358851329521885 0.07196267173467073 0.2756999323971076 0.43083966739977936
1 0.5434651746134888 0.07287042953786387 0.2693091382823992 0.4248268638951435
0.9859166149860952 0.5409885683050123 0.07255244213544901 0.268918893128349 0.43065479668762263
0.965062673614576 0.5309068200106039 0.07330591348672111 0.2692789444065333 0.4255728253673779
0.9596971846861132 0.537718364083282 0.07182219755644118 0.2717618166548729 0.4302494662300462
0.940166471043424 0.5363795497216418 0.07185584454512065 0.2768185795426302 0.42909767112000546
0.9333102575310508 0.5270082738848714 0.07268319905180325 0.27877537166903443 0.4245093198952866
0.9327834746414422 0.5183662893204256 0.07424152592470788 0.2821679774451407 0.4189322012380895
0.943540206085225 0.5159352162861528 0.07464986384551507 0.28904871573289387 0.422753167724274
0.9533179620915404 0.5195221596793469 0.0738356905043303 0.28946531496757943 0.42934233538662453
0.9589353593567103 0.5257866596432498 0.0727581500201693 0.29108403952959244 0.4211271465740903
0.9426467402390566 0.5199559524378798 0.07294291332469936 0.29698658678839657 0.415618236177866
0.9379784145928193 0.5267663968807207 0.07368149960194846 0.2982736449115205 0.4237921164887683
0.9496384872958624 0.5389690233458967 0.07448301339728879 0.29432869034311093 0.4257673805860567
0.925909467437487 0.5414173328771392 0.07479882617082495 0.2876590467164703 0.4319408985338923
0.9043818610734844 0.5341600160328138 0.07622144677851972 0.2922361152587861 0.4413464465261431
0.8940872950345369 0.5408989136472236 0.0772363263187927 0.28617485675076687 0.43039510794749897
0.8734022935586022 0.5531446183406548 0.07699731912851304 0.28962276605665577 0.4284797591677308
0.8947497741982284 0.5433047179810222 0.076025447694357 0.2936446059849056 0.42225096221948133
0.8779172290974471 0.5463331037693647 0.07667083883401599 0.299592649515475 0.42290653288846236
0.8858742257288951 0.5595489396683316 0.07758737071917123 0.2988529512602099 0.4187854438000269
0.873079203585572 0.5466301438228737 0.07634989043376415 0.3015600762550202 0.41753270150917243
0.8792575233051559 0.558354407443877 0.07814347790412353 0.3036060204891641 0.4123829994820619
0.8647505169212278 0.5477967796056847 0.07766467806094805 0.30108670489600414 0.41412470842857785
0.8560313247029535 0.5614550845425311 0.07622499200142333 0.3062290915441056 0.40733723708095027
0.8535460702323301 0.5607995992362721 0.07538014678177404 0.30085066701591373 0.3986111543193042
0.8658947527470408 0.555751258397817 0.07590695842792901 0.297401893315471 0.399509627024701
0.8716258544980013 0.5647285198560085 0.07577406129635107 0.30101419751253405 0.392732179383456
0.8868152316097978 0.5552440048226351 0.07752107561912397 0.2966694153381232 0.40231331088890715
0.9004489887740286 0.5429022874807462 0.07662177034281929 0.2970839063497404 0.39893517316131005
0.8928161139272202 0.5349085733416503 0.07688379168107325 0.29311856849034623 0.3941771577305219
0.8892990304498873 0.5274641195218503 0.07788607957691371 0.29355032096850164 0.403478164798093
0.8795888657060932 0.5393378566899164 0.07847847596855582 0.29054653860937274 0.40627718509660277
0.8633328528349766 0.5340288210126055 0.08037748212456683 0.28341587638846755 0.3975145146517265
0.884091884036754 0.530856690314437 0.07991621428254053 0.2767403269123265 0.40300747169879264
0.8812822330839216 0.5208720007633846 0.07830705529206582 0.27826300482559 0.4122561738964
0.8848020251431851 0.5112067797580936 0.0765001420240494 0.27208758543622324 0.41002256097276923
0.9033148012345833 0.5193602186761522 0.07610146234106316 0.2675396099970547 0.4168450016702812
0.8869517221099794 0.5085826013231493 0.07559407597644409 0.26577018106042316 0.4102694798296612
0.9081559551273666 0.5202892746960728 0.07632719097946027 0.2627472879288883 0.40252749583004094
0.916946765975485 0.5142082823897 0.07820350879083537 0.26481189260340576 0.4110337703794312
0.9266130742817646 0.5164933152155144 0.07859811891108123 0.26397574339018515 0.4158091425815479
0.9359455407433788 0.5246987535860909 0.07730816487493858 0.26154410486491203 0.4059319311109401
0.955195657167839 0.5285263799132256 0.07588389203289976 0.2622187873763041 0.39754548886932484
0.9789730170735788 0.5244231639100575 0.07399700702899749 0.26093069447275324 0.4011223922133596
0.9577413184965925 0.5290733626638033 0.07575743176103271 0.2663971403818597 0.41031658624814654
0.9658470291762687 0.5247961388815828 0.07705615229931734 0.26336506387531544 0.42054832586779994
0.9869747819324161 0.5171568652796541 0.0762347231968906 0.26980688860448726 0.4118760012390441
0.9915745118920722 0.5271655120516322 0.07666818809217947 0.2695063136798802 0.418800506226125
0.9721526624950774 0.5369846901077078 0.07635360247780791 0.2669774401211577 0.40928845581043277
0.9674374679202553 0.5417817497720319 0.0764954462832809 0.26895396755333995 0.41450512965691605
0.9765326805951582 0.5298530920536519 0.07510857191649414 0.2715799492554153 0.41077193484282143
0.9990268755247498 0.516915251571369 0.0739021281831492 0.27279786739086276 0.40580482254298017
0.9902133448167747 0.522087064072657 0.07319682658984716 0.2681241644271001 0.4024671717672741
0.9982336306222377 0.5334062854993323 0.07401531464726478 0.26346397411291544 0.4002637700425009
0.9795199054466344 0.5254292663390348 0.07240554359016498 0.26065936847079924 0.40838397053059794
0.9863692509494988 0.513277882317502 0.07111764988408309 0.26236296576989593 0.40801467585253864
1 0.5210792809745922 0.07160964676628773 0.2670441443778842 0.39990810458644155
0.985572280127752 0.5101951008233824 0.07215946516210495 0.2649246754378124 0.40538277545901086
1 0.5040103934938981 0.07216991379498029 0.258672001119049 0.40406608254450027
1 0.5039057574170019 0.07161483790200032 0.25734794969388686 0.40615486428918496
1 0.5022179311489601 0.0708124916530551 0.25885657897871794 0.3965333731382311
1 0.5020206562005887 0.06996602544528913 0.2581195507632129 0.40511143739699307
0.9970797450119916 0.5087596951560891 0.06963506966458533 0.25757937366113925 0.4060201106964507
0.9802611196125719 0.5026202318234109 0.06938058875075681 0.2603636695891401 0.41439489792692324
0.9785743041860966 0.5029386732664209 0.06839123056270731 0.2552898052569404 0.40567501250379473
0.9556614460058062 0.5089330065193871 0.06866784169733522 0.2551724359214278 0.39661049883983557
0.9585225923062851 0.5101599153969564 0.06849988992494603 0.2611205194020244 0.3999085591554631
0.9375206491500289 0.5155511800963042 0.06907501877444194 0.2646631858166808 0.4015310626655941
0.9293147334059131 0.5277854155254406 0.06954179498461913 0.25936943642106874 0.39668032983755785
0.9439062767286639 0.5232122942304371 0.07110451895829435 0.25650732349119987 0.39106081838353557
0.9665502536918605 0.5312453281446798 0.07280585522759052 0.25060144836127635 0.39553005493287247
0.9815113217676543 0.5265791429086749 0.07406046746866164 0.2502938108629475 0.39272451611380726
0.9690825895923927 0.5230784177792025 0.07479112343867184 0.24730405189299332 0.39299849667026254
0.9488588285694475 0.5255477594367332 0.07303514970452135 0.24416905556386126 0.39908114470658557
0.9506960396836527 0.5349575162851221 0.0743979084348342 0.2461343063944432 0.39062309990348004
0.9566941227400865 0.5359773071144031 0.07600590228064434 0.244386266735933 0.3909566722849063
0.9706705374234222 0.5446795985711343 0.07746297674080872 0.24346931987951642 0.38592992743263377
0.9837184835466215 0.5419255405271712 0.076444927151429 0.23966269005130755 0.3822366875316972
0.9628488567747238 0.5397321664813816 0.07662039844232942 0.24204477116082504 0.37922949171427284
0.9686650172574753 0.5450891116207077 0.07811904973438684 0.2379043553591643 0.3764458623256233
0.9695717342009064 0.538933524112075 0.07675548529501633 0.23715629857341056 0.3713885740351415
0.9931522080051562 0.5291486285765534 0.07857697704927512 0.2327758203853703 0.37910939660571347
0.9897555416857674 0.5335057269141179 0.08035872411374922 0.23325341898509702 0.38414866885802806
1 0.5459722092842753 0.08202707292148784 0.2291848981169986 0.3911884160397353
1 0.5540467995546471 0.08383505776601916 0.23289009267703936 0.3822268218158828
0.9878093292866923 0.5648561226813659 0.0849345517387827 0.2277809730656722 0.3745741594577608
0.9978041794419626 0.5688496862697967 0.08423576486836241 0.22412931031128963 0.3700198111917429
0.985213920540537 0.5683490037894734 0.08364474682010184 0.2198879013881436 0.36174491337022735
0.9790192801716981 0.5567688616019246 0.08406801007072746 0.2238424787315881 0.3569231555384539
0.9937405189892964 0.5457484960836243 0.08261280477392922 0.22206551351750936 0.3647770834352388
1 0.542966268485172 0.08149792100470728 0.21958340922785344 0.3601863618386813
1 0.5560316185874331 0.08005016348245851 0.2237455302548644 0.36314942016543117
0.9835777701631541 0.5602062334465715 0.08115236693244707 0.21914017401676023 0.36033484085723394
0.9780032666316366 0.5574550693397256 0.08091913647253951 0.22073907629109915 0.3566874925831205
0.9671483647258033 0.5619483772250288 0.07909248024289407 0.21570135665190526 0.3490094888096391
0.9614180040250131 0.5611436279401396 0.07716364967047722 0.21769845292145312 0.3479888262989684
0.9671099553629295 0.5629070295517841 0.07691866859944435 0.21910497924132383 0.34649622423245857
0.9802655868097877 0.5558155825707071 0.07784827485238047 0.21569355254941017 0.34057156952857637
1 0.5472047323152187 0.07815131471252725 0.21883937366664444 0.33993960858082495
1 0.5590249836702903 0.07981891818915923 0.2191887797446874 0.3463709034560673
0.9946659943316835 0.552329544289728 0.0783995315095684 0.21795714304548866 0.3459704713755938
0.9823243105271866 0.5593309142257467 0.07693719660070317 0.2219207556566884 0.3407641242942125
0.9621369697366627 0.5481165225292308 0.07788003716662886 0.22350068638372309 0.33564580561392704
0.9443479209936727 0.5348391615927398 0.07918683017179956 0.22078258867186862 0.33062547111159285
0.9620230099757803 0.5252852168155893 0.07835260328066171 0.22212798752788865 0.32959965479514347
0.9817593482801239 0.5342637024514723 0.07948039790208698 0.22425291303467348 0.3367654609973911
0.9855675716860448 0.5435771020079663 0.07780449394595775 0.22410669028095995 0.3396920404758768
1 0.5519831366327803 0.07902088539323485 0.22319708468848612 0.331667441197481
1 0.5493226279195267 0.07733676536610001 0.22716092441776328 0.3325962990135035
1 0.5484243339769969 0.07691756228619306 0.2258057978232757 0.3342129771724658
1 0.5424002691493038 0.07693035073441555 0.22807622005729486 0.33517237344250256
0.9923117700408943 0.5416540781717261 0.07767027834560568 0.22810242508752346 0.3377020937076211
0.9816446409376708 0.5363747208883142 0.0766460568942502 0.22460814058667178 0.3420866539730701
0.9679305248175617 0.5336424673554815 0.07847929460131578 0.22273447610794414 0.3429379831033712
0.968255210345664 0.533023002994467 0.08008396811361619 0.22075879994622163 0.3504253504646702
0.9789056729594904 0.5310422567841392 0.07889652905666711 0.22322267504493337 0.3476408702453808
0.9884676585144714 0.5420445925779364 0.07996962944104409 0.21844720375689497 0.3425653042757784
0.9764113914559047 0.5314885313443856 0.0782630942491522 0.21436740688972658 0.33450370510352245
0.9986732328417113 0.5282342602242682 0.0774817857086874 0.20917202990831135 0.3358825299073957
0.9777751871166919 0.5311146750619858 0.07888118425908278 0.2123717580192857 0.33553215405658476
0.9829873201224386 0.5264725142528851 0.07946674958371899 0.21289615270092374 0.3296797976731311
0.9950367673059916 0.5187686324875668 0.08134486067019911 0.21672390847332915 0.3268141299561275
1 0.5266101714462185 0.08233569106575672 0.2166081039080486 0.3224925746875951
0.9971909652423016 0.5243528088922654 0.08425765541139822 0.2162080389088693 0.3152051523033142
0.9875688539881106 0.5374477631807989 0.08545557114794593 0.21898439575742842 0.31607912570585806
0.9762164540515104 0.5325554500009656 0.08751688823845236 0.21897739857848295 0.3151053364926554
0.998111957422297 0.5219742189003707 0.08803214664639461 0.21469214045926124 0.31320895317501035
1 0.5175234188404504 0.08751798065452408 0.21197453682728498 0.31594089730803765
1 0.5091170323021824 0.08685672064272136 0.21607361506957454 0.3099356167673939
0.9791234858938649 0.49869243375559763 0.08676841696600592 0.21538801643788627 0.3064611511590403
0.9921422807782146 0.4993123825673121 0.08605947775244563 0.21476408560092478 0.3129625603529372
1 0.4959374650707061 0.08489337164305082 0.21148583339067706 0.3125481801589536
1 0.4894364614291963 0.08386206509715152 0.2107471775598315 0.3094199723328698
1 0.4849141545638069 0.08319158082498847 0.20800755440098176 0.3126502951014224
1 0.47897497058839805 0.08191267682307876 0.20735550897485097 0.3128464348194499
0.9985526669123241 0.49066535226083313 0.08250361394364814 0.20500505363564883 0.31759826865497187
0.9999262034910232 0.49492176886613987 0.080564731761458 0.20202496284855484 0.3174992934967981
0.9757515912163215 0.5035796641718143 0.08216470585859911 0.19874390211067783 0.3114351845457115
0.9897802097126925 0.49979706712388006 0.0814242368656016 0.2012947090777339 0.3162263045699705
0.9715900002762667 0.5101071531339684 0.08296723826124201 0.19735734014860962 0.3102218910317281
0.9836141744931567 0.5110288607492977 0.08488018173716783 0.19247073926090605 0.3156813752438083
0.987451287348323 0.523720453252943 0.08530348300927365 0.18873752930316595 0.3084174578223812
1 0.5140680193431814 0.08338499223620072 0.18914947523389677 0.30717840911438843
1 0.5237660642970169 0.08244381196564207 0.19212880919100558 0.30022680150730024
0.9784881962071048 0.5149771566376146 0.08313008163477983 0.19021167473791667 0.2973704024561091
0.988338077900825 0.5179902738400767 0.08315041067524419 0.18929802523558914 0.2936442983608875
1 0.5125288794077758 0.08302358986091887 0.1859101268155087 0.2910074972235293
1 0.503565297027684 0.08144783974597336 0.18772006277239286 0.290939993468333
1 0.5001440204674595 0.07998641599183215 0.19190472144444032 0.29472821798465054
1 0.49627926652874577 0.07889296219863903 0.1898530920542046 0.2975439873173495
1 0.5079840883054852 0.07811256373405057 0.18566837417465584 0.3032386455580961
1 0.5205951511953709 0.07696163759877418 0.1847399317709519 0.30120372835901255
0.9988454979861079 0.5141785035972093 0.0756673819319358 0.18331621490319844 0.29678725998296296
0.9925944129413298 0.5076483202447887 0.07670622007720053 0.18387085028728029 0.30073418012246556
1 0.5122414496161041 0.07542411869940263 0.1814297447004534 0.30465494263379433
1 0.5095214911154444 0.07420558439241629 0.1850329876107089 0.3097512803522099
1 0.5187730013525734 0.07371809888646795 0.18243968718218748 0.30716397925313227
1 0.5298409509044792 0.07463486941515009 0.17885597702934172 0.3124457818218909
1 0.5281973144508983 0.07352120647067437 0.1794431747521838 0.3048508792534424
0.9781409607795619 0.5174615673854095 0.07450640516438914 0.1821318964224357 0.30977157108611664
0.9709524252626804 0.5173521948165795 0.0756006853532852 0.18562498573428396 0.3169975798650167
0.9639144876067359 0.5255753257334493 0.07633881761150436 0.18136965598841853 0.3204166445929826
0.9655408265667624 0.5162257836115727 0.07449368391271241 0.18135542250447775 0.31291588679353666
0.9872433820257352 0.5140382263643339 0.07444041294581272 0.18097646702942996 0.3106053179189774
0.9857515790208798 0.5267365224521318 0.0761269309046862 0.18127046888366447 0.30708077950219
0.9974048364324242 0.5339735513443155 0.07498575204513525 0.1780717396038929 0.30481655003416724
1 0.5404664841520308 0.07463363653952408 0.18220549026970054 0.30080090775828583
0.9762166236322983 0.5490042397768967 0.0733775049288345 0.18380560492373493 0.30178504698060693
0.9696766871393361 0.5458826095095909 0.07468675533035536 0.18796076217314797 0.2968921566776354
0.9686506476246567 0.5547159985171181 0.07536999421105527 0.18756660035598302 0.29134007365393594
0.9529068815708911 0.5456986386201287 0.07693145528110867 0.1912407610634558 0.2886654146600968
0.9417256232500849 0.5540718792482164 0.07710887881396623 0.1943681394187806 0.28851044008490356
0.9580535709698363 0.5646907153155823 0.07568416280284382 0.19451185901644294 0.2844484312303231
0.9469243188409564 0.576922862246468 0.07408338315770353 0.1938554050005661 0.2828375125909051
0.963864664217832 0.5844990319262157 0.07522267898688434 0.19595721448790818 0.27942979749969266
0.9719812421001357 0.5887604473588846 0.07506791954832785 0.19626109496312227 0.27392845795773463
0.9901940674463922 0.5975268553076439 0.07576565657451727 0.1968854371866173 0.2781878608571077
1 0.5862707904611565 0.07515338091331003 0.1951860415873434 0.28266904066771165
1 0.6000884000861998 0.07503277492151492 0.19791740714106867 0.27861491999160154
0.9832051732596327 0.590475235017411 0.07568114568779424 0.19643709361940653 0.27220096074287936
1 0.5970229750231744 0.07451922413087217 0.19293263477388184 0.27593393795872273
1 0.5848051414341364 0.07291325099958572 0.19002068971143138 0.2808216751403217
1 0.5813244226762226 0.07168875223410805 0.18597770402919755 0.2849504478137552
0.9866808883291273 0.5771205855320036 0.07185145393168986 0.18744283874579004 0.2908272875239936
1 0.5750013572397085 0.07166340940356282 0.18691783870556192 0.28611614285620834
1 0.5612426268681454 0.07051593536122787 0.18379795554857517 0.28909264422010694
1 0.5554881986212625 0.071464576499981 0.18322865695189006 0.2943020988537748
0.9761969736586846 0.5500796658324051 0.07033188925557418 0.1831732706961888 0.30103104121941343
0.9562322441557793 0.5522794708144971 0.07175339439215572 0.18583522187329635 0.29973345193303796
0.9543602016689714 0.5582557113732631 0.07206349691720285 0.18722400310206774 0.2976802011035323
0.9690678885848679 0.5540280342382635 0.07375684017390131 0.19003242212566024 0.2950141695306503
0.9907290398726345 0.5483576383213712 0.07316017905007814 0.18945878724064139 0.2990749666020988
0.9959252781319146 0.5449243570179403 0.07162874554304394 0.19332246856052218 0.3049494806700141
1 0.5339100861060228 0.0731954138136808 0.18939675046679047 0.29944615889822257
1 0.5369388521081897 0.07175821171857406 0.18740121232843482 0.2924728974079876
0.9906604397041852 0.5413265869058466 0.07295045240577103 0.18719940853013256 0.296859357866472
0.9672262501670716 0.5334313012545105 0.07282321513344878 0.19147191074406536 0.2952674208882312
0.9544094252776076 0.5351265164475435 0.073011334278648 0.19318791475077848 0.2907840781207739
0.9617260724770984 0.5280892826178799 0.0729469859431764 0.19588556158012466 0.2872729810539411
0.9532973224384482 0.5343418866651698 0.07137917573529358 0.19227112577027727 0.29244378922087255
0.9579549093276248 0.5344535618289522 0.07253223346694793 0.19575252323264583 0.29520561537749235
0.9542418354990712 0.538273726822524 0.07429368127133476 0.19699546757069866 0.30000158676814775
0.9600796569450977 0.5377160184837643 0.0759138042203184 0.20085986412600165 0.296963979161133
0.9788030813468087 0.5396399797924865 0.07488552293653974 0.19691582463157492 0.29574589452679034
0.9632091241254397 0.542323984383332 0.07492588188390294 0.1933710908631321 0.29574544913024026
0.9564083256591909 0.5447303694156209 0.07662843290183315 0.19506566883489418 0.2911181887164222
0.9428903854776063 0.531982839732677 0.07689432818400584 0.19268674011415862 0.29230038624731614
0.9360642443100035 0.536644058127326 0.07765237078694205 0.19635218405198776 0.2871612242941818
0.9368245792484937 0.5488474984069206 0.0766726547971698 0.19218206819909045 0.2845609262003206
0.939090989600228 0.5523692811812961 0.07843349484349343 0.1968207270232047 0.2776088780216012
0.9222736643724323 0.5648702565529455 0.07899693258108788 0.19917143681123556 0.276757537692981
0.9307377658114236 0.5576546427652012 0.07802962860084466 0.20406678471918696 0.2769718382386331
0.9394028359684551 0.5713545466174361 0.07805118518440868 0.20130339638143022 0.2815988631396898
0.9408452836859521 0.5783079905617821 0.07890778518606804 0.20053454010376717 0.2770338815703023
0.9232760685865101 0.5815358135531755 0.07768227905141897 0.19588419651117983 0.2829077092454233
0.9357329493484203 0.5734327838799295 0.07610096796112747 0.19120593375581113 0.28601526676302835
0.9282948813496377 0.5870036915092695 0.07582761759724135 0.19284958072002223 0.28378862828114026
0.9490363734239978 0.5966965714927737 0.07635109848397689 0.19424033146781697 0.27746395701977433
0.9490363734239978 0.5966965714927737 0.02635109848397689 0.14424033146781695 0.27746395701977433
0.9722924512383896 0.5996587072457094 0.02659484920748121 0.1418216839515933 0.2819088870641634
0.9640533298217459 0.6108006657605016 0.026382066897846806 0.1453480303391656 0.2845845125736549
0.9747363493930103 0.6177133391837359 0.026945138934249643 0.142293932671401 0.27776708485651475
0.9970739033767386 0.6083804127906263 0.026802302653422844 0.1399012328207641 0.27270950116378184
1 0.6222078906823679 0.026375792211663595 0.14201281882987915 0.2727381981081655
1 0.6232237801970292 0.0263601911813575 0.14119116699904408 0.2733557739145681
0.9822815200922902 0.6312352087283253 0.026515266435699413 0.14120023330375622 0.272552450987425
0.9842180577900397 0.6392416176541171 0.025997351467563257 0.13825437236059065 0.2785731253998148
1 0.6488337717003972 0.026119439405022194 0.14016111633368591 0.2847747908659262
0.9915866212655128 0.6612285871605709 0.02626572770012013 0.14243256956999303 0.2885966737975697
0.9923810276032452 0.6543643843023317 0.02569326881434322 0.14513786928556324 0.2823836359893195
0.9944371858045569 0.6504703168555032 0.026056266941068718 0.14769765231270185 0.28061638785020476
0.9713758018333459 0.6598276145311371 0.026579573993236558 0.14508828204483232 0.27601238778822934
0.9727700258967034 0.6591765109109401 0.026570947556703334 0.1468574218008784 0.2782685117983605
0.975623987318015 0.6429550267937669 0.026110056028467575 0.14787132658157653 0.274861465502146
0.9598281961007317 0.6494173545340365 0.02667168845754865 0.1495788004386814 0.27863566335450834
0.9429221407032418 0.639055265720117 0.026174180161106418 0.15304680867549286 0.2823022592406803
0.9292952283804651 0.634500083014565 0.026601588789260572 0.15430507800146584 0.27856308690708625
0.9477044834861607 0.6438065064733227 0.026832593770824226 0.15636346501800288 0.2768310339574519
0.933943488428494 0.6463773058642862 0.027142813469293495 0.15449396122204687 0.2715079571779291
0.9172281584868919 0.6594194984143588 0.02709072234462444 0.15658987278300238 0.27623707170527484
0.9367379313819567 0.6532541885768804 0.026666397523801285 0.1572544538547708 0.2805029700090962
0.9402225344552788 0.6641010755488646 0.026401009015880845 0.1564406872249987 0.2799424078588779
0.9551176089800687 0.6723539856328491 0.025872203026232193 0.15983009442545676 0.2761836782274538
0.9518629865182371 0.6647726189425658 0.025250377729989303 0.16105546403802914 0.27703222016221346
0.9382413927436127 0.6628769981468505 0.02517072777699843 0.16437105485609624 0.2717433523335531
0.9393211519499121 0.6599430446100025 0.024632124600793934 0.1668876465598455 0.2748466961139201
0.955529188686549 0.6561571786894291 0.02441035409101756 0.16862337442744874 0.28057166123587296
0.9612291487421966 0.655623188432921 0.024635017127116427 0.17280218407822506 0.28432765571352586
0.9639614951943957 0.655827179666502 0.0247163328145242 0.17551461513358876 0.2900473480512785
0.9525651628226407 0.662771963290804 0.02459928983559426 0.17490720430627862 0.28291805197404823
0.9454561143458459 0.6618872292314912 0.025060964060976677 0.17612539588835674 0.2774441368587458
0.930176121001192 0.6719275119826623 0.024460941032241872 0.17365797234243918 0.27851190099791234
0.9084070928608198 0.6581551207104336 0.024131048596836173 0.17140605267596828 0.2782654388856147
0.8984399498809974 0.6492726384482678 0.023754227957908637 0.1695777875501042 0.27800554456031035
0.8997318954976156 0.6526034126113278 0.02381496964795768 0.16688909539751876 0.2742928117752356
0.9029246642949239 0.64521640214651 0.02417665096979406 0.16578547206996333 0.27774298515433077
0.9228268785313892 0.6478540663493745 0.024391549380854628 0.16393793544978447 0.27962428468402367
0.9418056938841103 0.6573214391931324 0.024167273485187636 0.16518794404895537 0.2824183406824983
0.943563823128003 0.6536619485793184 0.0240931027463344 0.1652044755006141 0.2817306925063133
0.9552232850548785 0.6587540851782683 0.023724686397255824 0.1620718195576528 0.2788270526264709
0.9401919291406219 0.6747929932736202 0.023177811475118288 0.16170923200898937 0.2806593222523633
0.9508121798247516 0.6883269957658303 0.02285693175900959 0.16367998095660635 0.28250292577853203
0.9429562106132976 0.7000127088483512 0.02287372661390751 0.16182680203384212 0.2873245275123929
0.9555046342622617 0.6983915201071962 0.022779155773891644 0.16238993147099565 0.28753959988228833
0.9532881548007309 0.6920002986213839 0.02314045601368676 0.1587026545890129 0.2892782036253651
0.9524188716860416 0.6931272909374231 0.023316065081919492 0.15820305097736465 0.29451719055717546
0.9310645723835634 0.7077632353815259 0.023642898605495392 0.15837910978234093 0.2939611577183388
0.9337426200468874 0.722815002123655 0.023833660956209125 0.1545840382215858 0.2985118895112264
0.9137417302103229 0.7096064046180236 0.023467342938339734 0.1520238700598456 0.3032526390504366
0.9116544088483647 0.7133804348372947 0.02299635370079615 0.15096621347180839 0.30100297907270324
0.8963576847241008 0.7190830944118182 0.022905588672120794 0.15164095161566962 0.3045798828620575
0.885536975188198 0.7058705658475167 0.022875909520086547 0.1486439509261915 0.3050920261332097
0.8698789554426094 0.72030585282675 0.02314613249526156 0.14494298408719705 0.3056074458203142
0.8775638707530594 0.7222028394993915 0.02316510785894605 0.14621814401928054 0.3081301750361781
0.8847942700071804 0.7205288957169773 0.022587805635706372 0.1492810425116129 0.304104989406438
0.8675384167820074 0.7165866434640455 0.022468555470122664 0.15055820061626493 0.3018658959587421
0.8473229848139879 0.7061024492854995 0.022407890642134647 0.1518518931148457 0.3081178464854817
0.8464875381374795 0.7058394773853173 0.022647338774432674 0.15187825395981397 0.3123727699719526
0.8609753292243151 0.7003589307914544 0.02216324434452778 0.15266493756354763 0.31928085278751245
0.8747450302846997 0.6983775383744758 0.022201619296270837 0.15188287418787072 0.3174349793572012
0.8596742760260798 0.7036717386460238 0.022048828571993796 0.15448862237471453 0.32198010341111505
0.8581979460198705 0.714081303269441 0.02242812432554471 0.15205045092058012 0.31738160130847504
0.8613942373384993 0.7031883863616881 0.02294454736822748 0.14825146664293926 0.32287871651292027
0.8504094902853394 0.7102285246378642 0.02268350760911604 0.15172871125676743 0.3297745789566014
0.8623777098924605 0.6998980162831381 0.022177495910916424 0.14794066285810442 0.33232111461155533
0.8823693695949085 0.7012054443838478 0.02231903217898473 0.15058884824814128 0.33559326809724643
0.8964594231741804 0.6884998035271547 0.02192927062362387 0.15429810347549694 0.32800931233408503
0.9092585401749295 0.7033151032058836 0.02187103880546518 0.15310200063194723 0.3224683971933251
0.9296550790230231 0.6932766811994909 0.02216234911115337 0.15143796860365527 0.3203599635567691
0.9205796336422929 0.6785888734527287 0.02259468728001285 0.14805583954879978 0.31669640149156625
0.9092558579210805 0.6864801533374197 0.022427861451926077 0.15014733292325222 0.3208387850319868
0.9105579702049006 0.6709950244393085 0.022689400494945697 0.15021172523398324 0.32341321484694113
0.893282178155912 0.6680440147975568 0.023181469704250564 0.14746561588168502 0.3196151735226603
0.8971222160633837 0.6617552564821219 0.02370033921653522 0.15071757432062982 0.3235697343270778
0.8881426525661608 0.6666829706939018 0.024025408835543285 0.15183660830911686 0.32091166962967677
0.9042096801412607 0.6540128779200183 0.024016063163906635 0.15142246010632146 0.31939971696339997
0.8955186071343517 0.656170230092335 0.023587625895329676 0.15108676350834832 0.32462335470230436
0.8852083831346907 0.6478890518587043 0.023325856453631458 0.1541856879979574 0.3308765721100281
0.8857414850571887 0.6461136053265164 0.023851229168603983 0.15117605107972407 0.33466363780751684
0.9044825271880118 0.6322465584088455 0.023876061972795366 0.14877128040669474 0.3371174493629607
0.9011324532898554 0.6430665573043322 0.023643155156519574 0.15106441333295534 0.34448872445016876
0.9039742284100979 0.6539981709748258 0.023702929698467656 0.15418564057389045 0.3391034531297464
0.9039851041665941 0.6396973760138485 0.02321386595748581 0.1568146414394384 0.3349502343087012
0.9243937877110615 0.6311569207409528 0.023618809994986875 0.1577355779675363 0.33979573056695384
0.9381872517325678 0.6317987067078097 0.023986000323491047 0.15995418757978003 0.3413473501612261
0.9331378282396552 0.6272923914710461 0.023658450682151687 0.1597022849657402 0.34602929039116626
0.9422077710956731 0.6220501030467103 0.023405289912876 0.15640978317898188 0.3448120800682828
0.9304609259592186 0.6196988091904396 0.023481858661151194 0.15552794457107708 0.3480769643566118
0.9446349727375783 0.6129457475304531 0.02314101634850316 0.15555213759434505 0.3417153883830881
0.9367634800511925 0.5992798324440863 0.02332571545835699 0.15929490676198493 0.3350688883844764
0.9546257813014475 0.6052966544309593 0.023462171617476893 0.16206562831190524 0.33985406304288646
0.9571523071334226 0.6070004154377682 0.02291090118260859 0.16322509796770016 0.34445477050856615
0.9775046227431106 0.6023669219281703 0.022648395197784804 0.16190792088735012 0.34431739491793895
0.9954177835194152 0.5944245329198699 0.022516228202649632 0.16078316013811034 0.3371207482357861
1 0.5933753919378204 0.02275562045900353 0.1631966507038734 0.3452914908846749
0.9906612898946755 0.6072071130095789 0.022873551002660822 0.1618310262567933 0.35274422073772743
1 0.6115045792611525 0.022769020255766968 0.1610140262197558 0.3606764587253244
0.9992172339478591 0.6128409368022357 0.022214188648634173 0.1596570454230541 0.36151960203231426
0.9750343649255634 0.6277261739084329 0.021947549201154944 0.15918633817246053 0.3645981296871593
0.9642037000278191 0.626618960872175 0.0223105335432171 0.15875524867198718 0.3647334273981315
0.9761184791532266 0.6396067843672704 0.02257038569320121 0.156616899226865 0.36632079661677003
0.9681358197767211 0.6370625888102486 0.02239314768941673 0.15794692918927536 0.36461954795452645
0.9495428775420773 0.6416746545248195 0.022283826608905943 0.1589649059128937 0.3605486021574205
0.9703560164626238 0.6280701569438778 0.021868652027850096 0.15940625334470343 0.3573257146543787
0.9683357029715897 0.639904308577047 0.02202383602748747 0.16334055149011034 0.3647924173816921
0.9511103540806252 0.6314752349447541 0.022024358652468393 0.16038983870101442 0.37251790230742904
0.9645519208078053 0.6208643180757296 0.02234428538198305 0.1566194100467855 0.3682997383564334
0.9477302810403073 0.6214656873817204 0.02256325579851813 0.15938402691643755 0.3725404363090265
0.9712978983779897 0.633352312162722 0.022070269836297163 0.1573279123823874 0.38031778982325537
0.9721189059603464 0.639021219544667 0.022109533227093216 0.1604006242561502 0.385350320175243
0.9571662727185526 0.6295136863171189 0.022059662003330385 0.16052824316807776 0.38464695638578456
0.933768187733178 0.6364274912966722 0.02159343627176529 0.16178948705714405 0.39347628498060616
0.928583632016973 0.6344180029784277 0.021080183362887025 0.1645902040886772 0.40236741488729494
0.9164948529018387 0.6500450923710188 0.020917668840525355 0.16798837680052628 0.40482086705714204
0.9128114126073833 0.6625350972555538 0.02046093600237675 0.1718917044201406 0.41345091484016977
0.8954234111846262 0.6738059395291134 0.020103124859689958 0.17017033025587858 0.4046419605656582
0.9112032201252748 0.6693076854667346 0.020059306509065594 0.1691947114638233 0.4086873853230898
0.9009520766583345 0.6702298349706944 0.020399117630585314 0.16701256494310057 0.402071068141871
0.9203880593364778 0.6575518109879741 0.019907839415024345 0.16858889394587187 0.39831861913535194
0.9258883542533424 0.6525618264781243 0.02032709415295034 0.1659538876263122 0.39019524146289936
0.9174310682169593 0.6579767579231246 0.019843699999107636 0.16550323585395255 0.3972049870950249
0.9350964065747773 0.6419860508293797 0.019437798758333017 0.16494492258123486 0.40711287566760174